88
94
113
99
100
95
96
83
89
96
89
105
104
96
105
80
94
89
99
68
104
97
104
97
95
100
96
83
84
111
98
92
88
100
93
114
89
105
83
96
95
98
86
83
92
93
97
89
73
89
95
101
82
80
81
106
101
97
96
96
98
104
93
93
103
89
102
97
102
98
91
87
120
95
78
92
114
78
82
101
102
77
97
87
100
99
98
96
110
91
82
98
104
91
91
85
84
120
84
99
95
85
95
95
89
81
97
92
100
111
84
103
92
97
94
94
94
90
90
113
105
80
84
98
98
108
107
87
109
77
94
93
83
92
88
111
95
108
97
102
84
100
81
98
105
93
79
73
74
94
109
101
96
84
103
107
96
99
103
90
94
94
99
91
110
108
104
81
96
86
103
108
98
97
94
100
102
82
91
94
104
92
87
98
101
93
108
103
96
91
83
114
80
89
106
98
97
94
106
110
86
81
117
92
65
95
90
108
114
107
96
80
80
100
96
98
100
82
101
103
83
79
79
87
98
98
98
85
97
106
87
93
91
104
88
126
80
96
105
95
101
101
95
107
102
74
101
105
101
81
90
91
98
90
100
95
91
86
95
99
88
92
99
111
93
98
106
98
76
84
93
72
79
98
98
100
88
83
102
95
92
87
96
108
83
110
107
96
81
105
91
71
91
96
87
105
79
100
90
81
109
94
93
84
96
84
100
101
95
102
83
104
89
111
100
97
92
92
93
85
75
98
99
101
101
86
105
92
89
87
110
99
89
91
99
99
108
86
94
102
73
106
93
89
83
87
86
81
95
92
93
108
85
105
94
87
80
85
103
98
105
95
85
114
104
78
108
91
102
86
107
88
94
79
92
95
95
79
101
92
99
86
81
84
78
81
97
99
111
94
88
95
94
83
103
104
102
90
97
113
97
84
109
98
79
101
108
85
105
104
94
107
103
108
86
73
98
93
90
95
101
100
109
89
92
103
80
90
89
84
95
89
112
94
97
89
87
109
92
107
94
94
87
111
99
90
89
102
90
105
101
101
81
84
101
110
112
111
107
92
86
91
84
102
108
88
98
94
103
90
88
74
79
103
92
109
108
80
93
100
83
71
115
93
97
88
94
88
110
94
92
101
91
88
94
85
98
121
90
92
