308
330
342
279
264
275
271
287
290
331
330
346
317
307
357
322
292
296
345
315
323
377
326
349
343
368
332
314
333
255
328
315
343
340
276
349
332
329
317
303
368
311
335
350
261
386
365
292
295
341
382
329
346
302
312
227
327
359
359
279
316
306
305
327
314
353
298
306
317
321
323
312
314
286
275
350
331
352
310
325
368
338
332
313
320
295
306
317
325
271
325
287
254
303
292
328
288
306
328
317
322
331
319
310
316
336
292
269
342
286
324
311
262
389
393
281
319
316
298
323
356
314
305
303
320
310
298
265
329
296
299
326
288
248
303
367
268
355
341
356
277
290
323
350
327
348
300
243
303
344
298
378
360
391
360
269
285
325
317
271
356
315
280
323
322
279
321
358
360
316
283
319
286
340
317
276
297
271
316
325
345
308
308
285
349
267
321
363
290
324
328
328
324
350
331
299
327
320
355
381
370
346
307
285
360
291
310
351
395
311
292
348
311
335
329
360
285
296
330
322
325
336
310
400
374
255
286
259
295
285
296
305
377
276
371
390
309
343
326
297
299
321
298
294
335
336
301
351
320
352
330
294
317
290
287
320
273
412
284
289
259
288
337
314
352
242
304
269
290
301
365
321
320
274
311
323
297
318
278
333
320
300
314
314
353
257
352
330
327
387
311
306
300
362
274
296
292
358
300
309
307
368
310
311
305
326
301
317
314
327
336
297
335
355
340
308
364
280
407
351
281
369
325
347
375
349
313
287
334
357
306
328
294
281
321
327
306
329
336
317
343
366
303
254
346
272
285
319
350
313
239
281
279
283
361
356
304
274
281
315
343
369
315
371
299
310
292
377
284
257
305
362
345
356
347
357
324
323
291
280
323
310
293
311
341
334
287
306
302
282
346
326
312
343
268
298
288
301
317
325
296
347
244
341
337
337
346
371
239
293
355
321
314
281
360
263
364
327
343
383
327
339
331
424
310
277
337
354
363
287
266
303
335
286
324
267
295
307
305
279
337
312
288
290
341
268
324
360
345
247
396
342
346
330
374
311
315
296
295
351
293
353
332
359
290
321
342
314
285
267
297
315
363
357
363
312
307
243
311
329
400
308
310
317
319
305
381
332
324
298
322
310
269
322
284
340
341
324
356
401
