537
483
521
441
560
498
476
456
456
458
486
500
431
421
502
408
508
469
476
489
398
407
403
540
517
485
475
508
557
563
458
559
461
506
520
400
462
519
425
580
440
499
472
404
519
638
430
560
514
441
437
488
497
504
461
432
488
503
430
461
537
486
429
518
438
484
421
499
504
465
510
485
487
503
480
577
440
470
516
464
510
487
515
439
471
508
438
504
532
519
506
438
491
467
457
496
532
486
520
452
488
521
477
476
432
547
530
481
515
489
397
389
518
457
531
497
455
439
491
509
453
493
474
583
398
446
466
461
489
505
538
555
541
467
454
481
498
475
520
501
490
557
523
479
446
462
440
475
505
469
545
482
434
434
561
445
431
554
502
415
521
481
518
523
524
450
467
561
445
415
423
478
527
428
512
462
510
431
467
455
506
476
487
504
452
389
491
459
412
493
529
481
501
481
447
393
518
480
528
506
572
453
491
608
495
420
477
460
555
515
482
471
486
474
448
434
470
493
495
413
416
537
490
436
407
517
432
467
424
557
451
507
509
413
524
509
561
497
530
537
407
561
565
470
475
463
447
479
537
493
454
450
468
442
514
496
483
488
440
546
478
630
541
555
556
455
513
405
487
454
465
522
451
487
434
507
522
458
357
552
438
399
576
527
493
499
512
595
528
457
464
464
482
482
465
461
460
414
568
509
446
521
504
399
493
372
485
484
553
480
475
489
588
471
470
454
459
422
495
477
482
451
490
471
476
481
429
437
525
508
455
516
475
504
441
478
462
557
508
464
441
455
491
466
461
552
586
476
461
506
435
503
443
459
418
541
509
567
500
523
484
456
487
496
490
513
516
431
482
430
410
372
397
471
448
458
440
450
413
533
407
531
490
549
529
466
393
495
498
488
537
439
507
490
544
458
539
450
406
464
459
482
504
493
481
404
529
458
416
460
489
543
491
516
464
536
495
484
465
525
558
558
460
432
494
476
534
417
403
555
487
428
380
443
493
432
406
534
420
502
474
485
461
390
453
565
533
487
476
472
557
464
447
448
507
463
545
485
503
503
473
435
561
539
441
455
454
550
489
429
488
528
486
526
522
477
420
531
504
513
447
523
458
496
512
463
465
543
408
430
506
442
486
500
426
474
514
467
535
522
