124
127
161
135
133
163
136
151
105
146
149
117
123
127
146
123
156
109
155
154
161
137
160
124
126
148
138
128
102
124
133
129
128
128
122
135
150
130
154
125
142
118
142
146
121
154
147
138
157
142
123
152
119
151
137
128
93
154
151
159
155
132
123
147
122
133
156
139
129
143
137
115
121
135
130
132
154
129
133
134
142
138
153
151
134
123
155
134
135
128
137
146
133
122
144
123
141
140
138
127
173
129
101
136
124
143
145
116
126
115
144
99
154
132
118
118
141
124
132
137
145
123
160
164
132
157
142
128
134
118
152
138
187
137
134
153
153
137
120
165
146
159
147
147
119
136
142
139
117
119
123
128
152
143
151
119
116
169
130
120
119
139
139
133
151
144
119
127
124
168
120
111
147
156
130
131
158
150
123
139
129
160
169
138
134
143
120
173
117
101
151
148
159
153
136
143
142
133
131
148
145
147
149
156
122
136
123
115
138
128
151
120
152
160
163
103
136
154
129
147
142
168
149
159
153
132
135
152
129
153
154
113
149
129
146
144
137
155
140
138
139
169
158
153
125
126
122
114
174
156
134
127
153
152
125
146
157
148
119
114
110
158
142
131
114
88
130
117
123
132
148
138
147
128
157
135
131
160
115
164
134
130
145
137
110
112
123
106
139
140
145
147
133
150
121
135
141
151
163
140
138
134
142
145
135
132
146
169
153
130
133
151
124
120
141
120
142
144
128
150
129
132
122
145
127
150
126
151
156
112
154
146
129
139
129
138
112
156
125
151
123
139
143
159
145
155
113
133
133
151
147
147
136
139
148
139
157
147
129
154
134
130
142
107
140
148
112
151
131
166
145
135
155
134
136
162
141
144
129
133
141
120
152
154
159
144
127
142
143
141
139
124
112
156
155
128
148
122
144
122
131
144
120
145
135
134
143
137
152
155
140
146
95
130
161
123
155
146
149
135
139
159
93
144
130
146
137
155
115
159
155
124
135
151
150
144
154
128
123
149
133
175
133
135
129
134
118
150
128
145
172
129
109
145
130
132
122
132
125
149
164
116
128
155
135
141
146
148
130
155
144
120
117
152
138
131
171
154
157
131
122
125
106
125
138
136
126
100
121
107
141
129
118
84
158
158
128
138
137
132
