220
305
293
261
201
303
267
240
329
308
335
286
304
210
296
329
293
131
236
264
216
337
292
230
276
244
320
289
298
267
231
235
228
223
200
271
256
301
259
234
189
286
332
289
280
319
256
315
245
288
308
258
210
224
277
288
292
292
246
265
269
211
317
345
193
305
310
277
271
292
293
284
257
321
298
260
238
290
302
310
279
213
257
348
352
270
256
295
251
170
375
313
278
273
260
250
206
260
270
257
263
303
189
285
301
283
322
299
273
283
171
258
314
326
266
273
204
223
264
271
270
343
325
269
268
277
292
313
291
326
297
267
243
262
309
286
270
202
332
274
302
290
282
248
288
209
247
284
272
249
256
270
283
320
229
201
251
229
278
346
247
293
332
206
230
339
311
356
309
331
319
264
301
227
224
253
202
316
250
233
274
233
235
272
261
245
256
299
309
286
277
212
300
229
266
266
305
339
317
173
278
259
285
288
337
278
302
283
263
272
274
264
280
288
312
291
212
370
266
321
254
258
377
272
270
266
280
308
253
203
289
305
217
259
274
238
296
314
265
254
267
335
348
307
295
266
321
333
270
267
233
286
229
274
258
228
322
240
211
212
257
219
348
287
270
311
266
242
334
301
230
313
270
288
342
337
244
234
287
299
242
246
299
262
345
293
308
273
312
301
229
239
311
314
253
295
219
355
361
270
269
277
201
253
283
291
298
305
265
279
311
272
323
270
231
295
251
250
272
286
216
267
285
274
300
299
312
223
294
193
212
310
223
243
314
229
320
242
216
372
226
226
268
229
311
295
306
259
314
251
291
232
292
287
289
316
326
254
283
344
274
336
291
181
217
303
241
293
321
342
303
191
212
329
336
292
338
261
314
273
212
229
229
239
256
306
304
280
363
264
310
260
328
342
267
260
221
313
318
224
260
292
271
278
275
287
363
249
270
314
274
320
265
258
261
272
237
272
298
200
298
249
162
192
234
296
267
262
304
278
391
312
266
261
260
295
343
282
286
270
250
299
274
312
315
319
287
217
227
286
334
238
268
336
223
309
299
221
291
333
295
258
224
332
239
241
281
307
267
299
261
254
260
355
226
312
276
303
322
207
277
254
255
259
302
316
343
232
215
251
266
240
293
225
243
252
251
232
303
142
