141
144
78
169
175
187
164
123
149
107
153
118
137
157
128
132
92
177
164
154
110
134
91
132
118
141
140
155
160
202
154
136
117
127
182
132
148
204
138
123
180
156
168
188
81
141
120
158
144
60
133
103
117
55
165
146
144
143
103
124
212
109
124
156
145
136
141
95
128
110
167
179
162
171
121
104
124
89
98
121
125
158
123
142
128
174
131
190
185
101
131
189
104
175
115
120
152
163
152
193
157
149
148
171
125
151
116
66
173
157
137
156
156
180
115
109
106
188
77
152
151
135
148
145
133
123
70
119
116
129
122
111
170
147
126
145
119
93
80
158
186
116
186
106
163
151
109
111
172
163
129
152
173
176
124
86
84
181
99
210
139
206
120
149
108
157
101
86
133
98
193
138
140
108
94
165
92
160
117
125
159
135
178
131
164
85
111
93
176
129
62
115
205
119
111
125
162
167
134
168
145
104
111
155
141
151
178
146
129
166
115
101
84
122
173
117
160
173
122
144
146
152
158
188
201
184
139
187
105
165
198
118
142
112
118
129
176
155
99
143
125
145
163
110
124
138
220
179
172
112
133
141
165
102
102
91
123
54
119
149
109
149
175
77
130
154
116
185
136
141
146
122
189
210
177
187
118
89
139
113
99
145
147
106
173
157
125
70
122
134
184
117
135
115
93
151
112
113
108
161
167
137
105
108
113
127
121
174
168
200
134
121
164
126
154
120
162
141
115
115
182
106
128
128
157
120
130
95
102
105
65
172
114
144
133
106
119
169
159
159
169
170
204
173
158
143
126
101
191
149
142
136
158
106
146
151
119
110
192
135
165
105
177
132
151
145
98
139
146
114
139
154
169
107
110
161
155
170
135
148
90
98
138
123
151
141
164
174
153
132
188
140
118
127
90
139
127
139
109
110
178
137
157
178
157
127
79
102
98
181
74
132
76
174
110
147
161
96
160
155
169
96
165
123
100
101
113
177
105
197
137
166
104
121
99
155
177
117
215
157
97
207
149
187
136
159
176
77
146
167
52
171
119
126
131
158
96
128
143
71
119
127
166
120
154
108
107
174
116
95
76
134
56
176
166
159
171
167
150
173
152
87
113
142
113
131
148
144
104
136
183
125
136
158
95
121
147
65
142
179
