153
191
191
220
189
141
175
169
170
178
197
199
179
194
179
184
183
160
201
200
185
143
175
143
198
160
156
192
176
174
196
190
166
150
179
148
203
212
129
182
211
186
159
188
157
189
201
167
189
186
170
146
167
186
198
176
165
178
199
173
191
193
169
191
188
187
203
206
147
148
184
183
195
190
175
170
179
171
176
149
194
192
186
159
188
207
222
192
184
169
161
153
185
159
193
131
194
170
185
186
169
185
187
220
185
188
196
202
177
151
174
198
184
165
168
175
169
191
164
186
164
195
207
160
189
164
222
175
186
168
151
196
198
185
201
192
172
195
200
206
165
213
156
170
179
159
195
210
165
184
211
198
181
157
193
168
171
167
233
202
166
222
125
166
213
172
183
197
170
198
192
159
151
186
185
168
180
206
162
165
200
193
198
235
226
163
174
160
193
163
153
170
151
180
216
172
206
167
175
168
170
175
183
245
174
197
178
165
179
201
185
168
198
188
174
181
169
157
175
185
202
196
151
208
212
234
196
187
197
144
191
153
200
196
179
183
193
196
159
186
173
190
167
175
176
191
205
197
167
199
185
179
178
194
208
149
173
155
195
194
178
176
162
192
162
162
193
199
170
190
142
168
185
169
173
170
218
181
146
188
222
180
194
186
154
190
176
154
188
202
176
190
170
162
173
136
148
180
176
192
179
176
185
178
123
187
172
158
178
185
173
179
176
196
161
170
180
143
194
191
157
201
185
160
187
191
161
215
183
154
132
159
184
154
225
144
199
177
183
209
186
169
165
163
168
168
197
202
158
177
152
171
163
154
167
184
160
147
178
204
223
205
152
178
159
172
183
195
166
185
178
136
200
174
154
188
186
180
176
198
180
186
189
182
191
184
173
200
184
173
207
174
192
145
158
137
184
185
209
197
207
147
149
169
157
181
191
196
204
179
160
181
169
158
186
173
179
213
209
205
123
206
183
198
199
167
155
190
179
170
227
185
165
152
204
175
179
184
181
188
185
181
201
199
120
184
182
179
167
160
167
172
158
181
173
197
200
184
190
195
174
156
213
178
198
192
197
196
169
173
170
151
196
181
160
193
171
144
199
188
181
219
161
199
191
191
208
158
168
182
210
188
158
159
166
199
214
173
214
208
