164
172
155
161
150
154
173
162
145
171
157
144
132
161
177
172
160
162
175
162
158
151
158
165
166
124
174
153
166
150
155
153
171
146
184
181
147
146
158
185
168
173
162
152
147
150
157
165
154
153
180
167
165
155
151
164
178
150
177
132
157
150
143
183
146
169
155
162
151
178
146
178
168
177
162
144
148
157
129
143
173
121
167
150
164
172
183
166
144
167
150
174
155
152
151
172
154
164
182
180
154
171
152
184
143
192
194
134
143
164
146
165
145
158
117
178
178
140
188
169
174
151
172
157
159
155
185
166
152
160
173
146
166
161
177
168
154
153
162
152
165
182
180
145
156
160
151
161
156
176
151
168
164
131
157
182
131
175
149
156
154
170
178
157
176
166
148
165
167
189
153
177
163
175
159
162
152
149
176
163
175
146
180
158
179
135
149
146
164
167
165
166
176
153
186
180
164
172
157
205
144
169
182
168
150
147
175
160
167
151
161
169
151
170
155
168
177
163
144
148
167
157
167
150
171
186
143
178
158
146
176
181
164
149
155
139
166
183
169
138
170
190
174
176
139
160
156
179
159
166
172
186
179
182
138
151
131
171
157
180
150
168
159
156
171
148
145
162
137
178
150
172
169
168
163
146
158
164
162
168
168
164
166
151
164
172
162
164
170
166
160
154
172
156
155
177
152
165
163
163
153
189
174
168
201
163
161
132
189
159
155
155
143
165
161
166
180
167
157
148
143
153
188
154
134
186
151
164
146
158
136
171
152
150
175
172
140
165
174
170
163
132
166
151
168
173
169
151
166
172
144
157
156
154
159
146
159
152
141
174
170
191
169
164
173
143
141
145
157
178
162
168
171
158
182
163
172
140
164
164
189
139
137
179
171
172
172
172
155
167
154
172
158
140
161
149
190
152
154
153
151
170
177
159
140
186
149
173
162
168
166
174
180
165
166
137
174
166
157
152
157
157
155
169
156
162
160
145
156
147
178
181
178
143
146
160
146
156
174
162
152
165
159
162
167
169
181
170
155
160
156
175
162
180
139
162
180
176
160
157
153
166
171
161
169
158
142
159
153
145
164
155
140
149
168
153
158
163
139
149
176
158
152
172
162
150
160
159
161
170
147
110
171
210
172
157
178
158
190
165
