554
574
503
511
474
463
527
386
558
546
510
519
535
462
405
533
490
534
464
440
476
501
526
487
391
436
442
480
583
493
501
622
418
509
346
427
464
378
543
419
479
486
492
406
444
479
451
505
433
524
489
486
433
435
554
402
631
375
441
465
498
471
433
506
561
412
452
353
595
415
453
401
507
437
331
516
489
555
452
479
556
423
487
453
435
514
401
528
468
365
503
470
530
609
537
437
513
447
515
484
496
524
438
422
405
463
529
550
455
540
472
451
450
420
576
491
480
483
455
483
486
386
524
476
447
384
380
569
544
463
560
604
467
583
519
485
425
490
551
526
481
409
473
376
543
468
392
413
472
480
504
459
504
420
491
481
426
458
497
472
540
454
430
502
468
501
544
415
378
442
540
464
597
502
421
523
523
494
542
470
422
482
597
463
532
415
507
462
491
381
528
455
467
456
464
490
416
469
474
518
536
376
490
473
464
499
361
545
428
532
522
438
520
556
436
508
556
502
534
391
528
382
509
536
490
531
490
579
480
523
417
585
454
494
564
551
536
437
466
528
475
454
407
484
576
494
447
396
475
461
570
448
627
448
492
549
603
376
547
578
572
437
518
427
505
477
525
417
551
432
469
476
479
463
455
475
538
523
517
491
492
521
505
333
556
524
466
490
535
465
527
500
446
558
416
481
446
421
506
621
475
457
424
443
461
519
560
502
518
562
468
444
481
513
475
508
470
410
482
554
522
470
514
520
517
521
535
532
404
535
548
496
551
567
455
447
499
450
402
605
469
439
509
438
470
465
516
501
504
494
501
456
481
486
557
529
450
478
501
578
492
489
461
546
501
396
549
452
489
543
424
563
431
396
448
499
497
515
492
408
618
452
480
534
405
407
566
441
434
508
440
565
424
492
424
408
490
441
423
479
551
566
477
517
520
420
402
445
569
511
435
429
575
440
480
453
542
574
525
509
316
634
561
403
533
477
557
447
634
414
428
499
527
500
521
442
438
476
605
502
456
507
456
551
522
515
507
500
468
542
440
507
455
471
537
527
490
466
405
503
497
424
453
418
477
455
559
503
493
481
436
468
462
413
522
451
469
519
484
520
474
503
484
579
537
432
454
603
464
518
514
497
381
528
527
477
589
472
478
505
