322
418
322
247
240
312
397
367
286
441
377
315
330
425
251
303
243
343
355
344
335
333
352
341
324
415
292
368
296
327
223
346
305
328
353
283
277
256
347
339
411
415
366
303
354
382
382
472
384
361
324
309
329
278
276
362
275
326
314
324
423
398
340
303
307
412
322
297
222
368
303
369
445
310
408
330
270
269
419
358
279
365
362
396
364
359
410
370
337
326
353
421
355
327
379
341
307
343
440
422
260
292
341
358
355
354
314
256
313
295
328
317
320
322
397
335
323
271
267
333
294
238
395
321
363
276
315
394
394
408
363
366
342
405
377
398
359
357
356
318
370
359
305
306
336
293
358
299
368
360
319
351
253
322
338
293
306
339
321
279
213
355
342
398
316
375
320
300
291
318
307
321
308
392
317
399
376
361
404
278
323
343
312
383
337
343
436
365
326
465
357
341
371
319
297
403
284
361
328
432
335
387
302
320
341
342
397
373
385
384
357
231
358
243
293
240
389
294
303
274
497
333
394
333
404
302
340
311
339
239
317
376
371
406
401
251
301
388
374
386
274
355
299
339
298
345
343
329
341
384
369
309
342
433
326
366
344
354
407
402
371
365
354
372
253
413
347
329
337
363
325
314
404
291
334
342
364
295
354
324
322
408
344
395
340
352
317
266
288
247
272
288
413
371
431
333
377
401
326
380
251
492
303
270
314
419
280
322
309
309
387
362
385
274
373
308
406
330
283
329
339
404
318
227
354
281
369
300
410
304
286
298
347
425
431
427
354
305
435
267
289
378
313
343
389
299
378
424
382
299
338
459
401
423
300
380
377
367
345
307
365
478
308
394
340
344
401
286
286
298
382
398
309
408
408
378
268
307
465
376
355
366
362
383
305
285
358
335
256
337
312
288
387
226
234
284
342
260
314
239
420
414
303
386
361
400
333
318
359
410
326
282
341
328
330
341
342
369
426
408
396
426
300
383
254
307
350
302
358
350
335
380
411
282
491
315
308
340
401
394
337
382
385
283
448
408
305
368
276
318
407
362
393
271
312
315
280
335
362
297
321
299
375
403
265
275
401
221
336
347
404
349
303
386
238
315
268
407
379
299
277
421
328
378
454
370
494
358
400
288
411
328
309
329
394
287
363
377
384
418
