353
295
340
306
312
299
309
270
254
288
327
282
336
340
292
307
243
350
329
333
350
278
337
306
303
263
270
332
283
243
309
296
275
317
351
305
311
277
322
269
243
337
279
283
301
343
288
295
323
290
296
348
284
347
238
297
320
312
293
339
242
339
265
361
242
306
262
279
349
286
278
329
334
336
300
272
246
306
302
307
331
291
289
286
330
281
325
257
312
311
339
244
241
203
262
322
374
328
302
306
286
351
243
306
301
244
292
331
338
321
296
314
319
301
342
308
284
318
292
310
343
312
306
296
325
303
298
252
317
324
285
335
283
302
318
322
283
307
331
270
355
267
306
364
262
252
293
292
293
338
316
230
339
336
286
336
264
257
307
262
320
308
341
288
311
289
309
321
300
289
304
320
278
301
258
316
304
232
321
317
280
260
316
331
313
286
333
321
267
310
343
291
344
317
318
302
337
341
289
308
348
299
311
284
324
331
233
362
305
318
277
310
298
364
325
286
308
267
335
313
377
326
294
293
299
272
294
275
336
314
266
281
345
297
315
349
291
287
297
316
305
309
329
335
241
307
360
315
290
249
277
279
289
300
336
316
304
291
301
280
319
236
310
319
267
295
256
272
260
292
277
310
310
301
337
300
292
312
276
262
213
254
288
288
313
283
252
360
354
286
359
357
305
315
305
296
281
263
272
310
319
304
372
256
309
285
316
378
288
210
303
298
259
317
294
343
271
341
260
260
291
332
295
323
377
282
295
256
297
302
309
257
314
294
290
284
285
319
264
297
315
282
337
322
287
295
311
396
290
320
311
272
346
309
314
325
351
354
278
333
282
312
314
280
286
282
280
280
255
317
325
297
296
243
292
304
286
338
272
303
276
277
290
246
273
344
351
293
279
279
357
277
340
266
284
331
246
323
273
266
345
259
331
295
350
353
286
273
299
342
282
299
262
266
314
327
319
243
277
348
335
295
239
297
261
322
254
296
347
336
285
313
285
272
260
335
268
344
329
334
340
330
316
330
277
307
355
260
355
282
244
361
293
349
337
374
360
279
323
287
340
319
298
298
334
313
250
270
296
307
226
353
298
292
300
295
343
304
259
338
298
301
273
290
271
314
318
284
288
363
269
333
256
323
306
276
265
349
316
336
