289
272
233
285
316
249
253
296
313
228
277
235
269
276
281
255
262
271
279
246
285
316
240
256
292
258
277
231
272
272
257
274
259
257
253
273
264
265
242
252
307
299
279
301
300
263
299
277
266
238
250
305
242
261
281
328
242
253
256
264
301
260
322
277
275
242
274
234
210
305
230
321
266
298
258
276
266
294
257
268
258
257
284
250
271
264
293
292
308
276
254
240
231
308
233
276
287
294
261
274
251
314
289
266
258
242
263
272
291
264
236
229
265
302
252
282
261
291
280
225
252
317
256
265
279
283
285
246
293
320
254
256
239
282
299
290
271
278
274
315
270
223
326
280
252
286
294
287
293
273
301
299
276
307
231
243
279
282
235
279
304
250
274
297
275
274
304
248
216
249
213
247
258
257
284
230
246
305
286
234
258
244
237
279
287
314
304
287
249
289
275
281
279
273
277
285
267
247
301
251
296
247
310
353
264
245
239
279
294
333
214
318
262
284
250
265
268
290
286
301
298
283
272
276
290
266
269
296
316
244
338
286
301
292
268
248
270
285
320
246
251
253
266
268
278
291
260
271
275
286
304
270
252
267
284
285
268
266
273
274
250
279
246
243
281
226
273
241
259
235
230
270
329
258
306
277
242
259
296
242
231
304
239
264
266
298
284
270
276
264
233
274
275
292
251
278
277
280
262
223
257
260
300
255
271
294
262
306
293
264
251
257
276
265
263
246
304
266
278
289
284
249
270
252
267
280
238
239
302
288
311
266
267
240
262
295
302
302
291
234
320
271
320
286
261
295
269
276
228
292
220
243
254
255
257
292
303
263
266
236
324
306
279
242
289
265
282
305
302
254
309
273
218
262
293
269
281
280
283
276
261
262
238
297
285
253
235
241
239
262
265
235
246
295
255
295
257
300
256
268
248
254
281
279
261
272
250
261
267
293
246
251
266
264
262
322
276
263
273
254
247
253
292
268
276
240
252
213
299
279
259
251
276
259
260
305
305
273
262
279
240
276
257
274
307
216
261
325
246
268
284
267
287
245
267
294
282
226
278
261
231
275
266
278
284
243
243
218
250
297
260
279
299
276
298
284
225
234
305
230
243
266
276
289
294
287
276
256
235
256
265
255
292
304
267
241
211
237
276
301
