154
127
183
173
185
150
133
152
154
157
166
149
161
146
159
141
150
193
161
148
126
164
143
147
171
164
168
153
159
191
132
164
153
169
169
160
170
152
172
156
166
162
167
184
179
178
171
170
188
134
170
162
153
161
113
155
158
140
204
185
161
146
144
142
139
186
142
165
157
186
168
165
182
142
154
148
142
171
144
174
162
158
150
196
165
179
140
180
200
145
173
174
162
176
159
193
163
169
181
177
159
186
165
192
180
175
154
124
156
160
165
142
188
166
172
177
140
163
143
131
129
158
188
154
141
146
145
200
189
160
114
165
166
182
164
162
148
179
159
149
154
168
195
162
175
135
165
163
166
176
155
193
176
152
156
162
174
156
163
164
140
158
177
163
148
144
157
151
179
147
196
167
166
179
165
164
158
163
135
157
154
162
130
162
151
177
156
183
143
153
137
154
167
176
193
184
162
172
135
139
165
122
165
137
149
174
130
154
138
180
159
147
147
160
167
160
131
160
170
176
173
134
148
139
187
177
184
152
162
147
156
145
113
143
190
190
160
161
165
172
156
174
192
149
158
145
188
150
174
151
142
137
152
184
175
173
171
158
159
140
155
196
155
175
139
154
181
168
157
154
156
165
165
172
156
178
156
145
164
149
146
141
167
182
157
145
166
153
162
173
145
154
163
156
204
193
152
145
120
157
158
169
157
140
161
141
161
121
165
166
145
159
121
163
174
201
183
153
142
202
193
138
152
169
166
142
165
202
133
156
150
183
175
170
158
162
124
184
157
171
171
153
146
172
165
154
194
141
169
162
156
193
157
143
198
169
143
151
162
174
141
185
163
169
171
192
183
135
161
161
160
152
201
168
169
175
163
154
143
153
166
171
164
158
207
171
149
171
161
150
182
160
172
165
173
121
166
153
178
167
159
152
172
143
155
149
181
157
197
190
165
178
144
128
175
150
171
149
171
167
171
176
185
145
165
190
151
143
135
155
154
197
119
174
161
171
168
189
145
176
169
168
181
134
191
176
161
169
170
154
160
141
135
132
155
142
177
164
159
165
162
139
161
186
151
177
121
162
195
186
154
186
173
150
140
170
185
163
141
202
134
163
181
142
153
188
138
156
148
170
169
157
151
181
183
176
189
165
178
166
