157
130
165
193
137
155
154
124
160
148
151
154
145
182
129
135
170
184
175
155
142
161
144
155
138
140
174
169
157
103
153
159
176
167
111
190
154
169
155
156
190
143
190
116
143
185
151
170
130
120
126
170
155
161
150
119
151
127
136
146
149
163
175
161
156
114
128
126
161
154
140
158
134
142
182
154
171
126
186
149
146
162
175
190
149
174
170
134
161
157
144
170
173
141
130
152
159
178
148
138
157
173
130
130
177
159
124
122
145
164
148
179
115
131
154
139
159
172
160
142
144
152
133
143
166
137
125
174
171
137
156
129
133
125
154
143
159
133
166
166
144
141
127
165
183
164
155
156
152
172
146
144
185
141
224
113
166
145
113
140
123
144
132
162
167
149
176
109
144
153
141
196
122
153
144
132
132
151
128
154
129
182
185
168
133
124
136
166
117
133
134
120
187
138
135
143
116
164
116
145
149
115
144
168
158
159
150
177
166
113
144
152
172
164
200
115
187
131
142
172
160
145
130
173
175
170
126
121
165
147
142
145
127
144
155
141
142
149
168
182
164
155
152
178
145
129
163
107
161
201
135
145
148
135
165
177
162
171
142
158
173
167
139
136
189
134
155
138
144
168
130
168
144
154
153
178
192
184
146
161
159
170
140
173
122
160
118
155
136
158
192
162
166
159
151
152
159
158
127
100
140
112
160
128
127
175
117
189
160
136
158
149
135
136
154
169
178
211
147
147
132
178
158
163
160
114
146
134
135
154
147
166
124
112
155
163
136
167
197
130
164
160
154
153
147
152
146
167
123
98
164
136
131
148
157
123
151
148
117
154
139
150
165
135
142
102
153
194
185
181
137
135
152
122
169
154
163
126
172
147
138
180
134
192
150
132
146
168
164
180
158
122
163
146
166
154
166
172
138
147
122
158
126
134
136
173
170
142
180
142
166
159
160
173
172
155
173
138
121
147
164
144
152
134
127
139
153
148
165
124
132
137
145
154
140
171
170
156
171
139
148
166
184
118
188
149
198
139
171
170
137
120
92
165
100
166
136
159
148
131
146
171
157
138
182
183
152
144
139
130
188
150
145
157
183
153
166
162
166
149
122
128
145
155
175
149
171
118
116
120
124
140
151
143
123
150
156
148
152
159
