126
102
113
108
105
106
98
90
95
109
105
100
80
89
113
91
87
119
111
96
110
69
103
100
108
103
93
108
104
96
97
110
100
86
85
96
106
121
93
102
103
99
93
98
107
91
104
105
103
107
107
96
98
101
96
99
104
102
118
100
104
92
86
100
98
112
103
91
111
108
97
120
106
103
89
97
98
99
104
83
97
104
102
94
102
108
94
89
82
98
97
104
98
100
107
88
92
74
84
104
82
98
100
99
106
96
109
105
101
90
105
100
86
95
97
102
79
94
89
108
102
93
105
106
99
107
99
101
90
121
88
101
100
94
106
108
106
97
96
97
119
100
110
85
88
87
106
95
96
96
90
92
87
109
89
96
107
100
105
109
95
98
98
115
106
87
117
99
98
80
105
100
88
96
102
110
98
98
108
90
99
111
111
107
111
102
106
112
97
110
109
103
103
100
88
91
95
109
84
104
115
107
89
98
96
105
111
100
89
89
99
105
114
93
84
96
91
101
118
94
90
106
106
91
88
115
94
88
87
91
97
75
101
98
107
89
111
98
109
96
120
103
86
89
97
82
94
97
103
80
99
121
97
109
100
102
92
95
114
113
95
97
102
97
111
110
111
103
95
90
94
83
99
107
88
91
79
107
99
95
110
102
121
85
97
100
113
96
99
92
108
96
107
90
104
87
107
107
91
93
95
107
102
98
108
102
89
100
90
98
92
108
80
92
114
106
105
126
88
109
118
97
88
99
94
80
96
102
102
111
89
104
89
96
109
91
106
103
107
97
122
111
107
94
102
95
97
106
90
110
112
103
99
96
99
95
110
103
96
98
103
99
113
81
86
102
108
113
91
117
111
92
103
92
86
102
90
108
99
97
82
101
103
113
82
105
100
87
88
103
102
97
122
104
87
99
114
101
119
98
118
91
109
88
108
112
97
110
108
105
95
93
100
89
103
106
110
93
98
115
108
119
109
94
99
114
87
93
93
89
92
98
110
109
85
83
103
104
90
108
103
91
111
94
118
102
113
105
107
94
95
114
108
106
103
114
95
90
98
99
87
90
108
98
98
104
91
101
93
98
100
99
94
94
101
85
102
93
105
98
94
105
97
107
100
94
101
103
93
105
88
115
94
86
101
106
104
103
111
104
