496
501
556
445
492
574
536
488
513
456
440
467
579
507
432
499
531
512
441
488
435
451
539
457
467
564
496
426
455
581
534
439
464
560
508
531
540
542
582
521
446
493
565
466
609
518
551
515
484
459
509
483
503
511
602
452
442
502
505
523
468
479
460
499
493
575
446
501
484
513
537
521
542
406
499
509
491
428
559
569
471
460
515
549
492
494
516
562
499
458
473
525
471
468
486
442
514
586
457
530
482
635
469
560
491
525
562
373
574
486
554
392
531
533
507
486
454
519
518
474
493
544
502
479
534
538
515
504
455
498
590
473
506
470
521
471
455
472
449
493
497
536
507
505
469
497
452
444
529
496
536
500
486
580
465
503
447
529
575
469
461
492
450
429
429
460
515
417
452
468
436
507
483
433
527
467
495
509
464
445
503
568
459
460
505
528
516
428
457
510
491
461
538
467
459
561
502
492
582
502
459
602
487
533
512
528
610
436
518
519
435
495
498
461
468
473
487
477
367
458
615
399
479
473
467
526
487
566
446
454
426
554
516
482
577
481
572
558
524
488
539
464
561
577
516
434
501
462
437
535
522
486
602
515
520
473
516
475
511
514
469
523
480
451
491
483
564
451
457
456
355
432
449
479
534
486
482
563
532
411
467
569
436
474
522
434
387
531
403
543
498
497
363
574
382
439
529
542
542
468
457
493
479
558
494
546
482
400
507
447
458
544
397
538
462
513
560
410
420
582
491
527
424
536
493
493
388
408
581
457
516
551
515
565
387
458
481
543
471
462
454
493
576
464
559
499
556
488
424
545
416
503
516
452
506
535
419
477
484
591
513
456
491
502
506
468
484
474
514
518
462
574
433
569
608
477
444
549
535
500
450
529
413
439
433
477
467
403
425
557
608
460
493
402
431
492
572
514
517
478
481
512
493
410
557
432
511
453
512
506
508
413
451
523
430
559
528
561
458
469
528
503
557
467
501
490
539
498
479
535
445
600
513
447
472
543
502
523
471
455
507
469
574
434
479
459
489
500
480
491
518
499
595
491
473
514
482
522
474
427
490
463
547
513
491
510
524
476
495
513
486
453
474
518
419
544
612
558
492
596
486
479
416
510
467
508
395
515
475
458
542
436
616
451
560
501
557
499
484
475
