91
125
145
129
130
125
132
116
138
143
128
153
120
109
144
118
133
150
131
132
118
136
150
146
122
137
137
132
137
136
127
149
141
142
126
129
131
142
144
115
137
137
129
123
145
120
120
121
132
123
113
150
126
149
124
128
162
134
135
128
138
131
127
108
146
121
138
131
145
124
142
123
141
107
136
126
133
123
125
133
119
139
142
119
137
142
109
119
120
123
122
132
126
137
110
128
121
135
121
132
113
135
112
111
135
104
139
127
143
136
121
144
123
107
122
129
146
143
145
145
114
137
136
128
115
113
117
134
115
111
126
133
124
138
141
132
134
140
141
115
116
137
151
129
128
147
141
103
127
134
115
134
116
128
144
146
152
112
131
119
110
132
127
130
123
135
124
122
135
115
115
123
134
109
122
136
138
143
110
148
150
149
130
148
113
128
126
150
147
142
129
130
121
146
135
130
113
127
117
153
137
149
130
129
125
142
131
121
135
141
124
124
139
132
113
121
129
126
122
108
106
143
131
90
124
149
121
118
133
122
120
137
111
137
120
117
136
146
161
136
128
119
146
116
134
91
132
128
134
135
117
120
138
146
156
115
151
155
106
117
107
113
121
128
125
135
101
141
156
102
126
148
140
122
110
132
144
140
125
139
121
139
141
139
133
125
97
112
125
156
145
132
145
163
134
120
121
136
138
116
132
127
143
139
119
132
104
128
141
130
153
114
124
119
131
144
132
133
156
131
133
93
138
136
140
144
130
127
122
120
123
138
157
138
107
129
131
110
138
134
125
124
123
130
155
132
148
111
130
123
148
117
125
135
133
123
133
147
116
134
147
116
126
139
139
140
139
116
140
120
144
150
123
149
138
143
137
128
137
123
129
116
123
135
118
138
146
159
129
143
150
128
119
124
145
128
131
140
151
127
106
123
118
119
117
137
120
132
135
113
136
129
143
154
138
122
131
128
145
119
127
143
135
152
124
96
103
107
108
133
147
140
133
131
127
157
116
121
121
152
114
139
150
102
126
140
112
139
121
116
142
102
113
131
134
158
150
145
128
147
128
151
131
119
101
121
129
127
114
119
139
132
107
162
137
128
97
118
131
139
143
124
110
124
133
141
105
115
140
136
140
124
136
132
146
137
125
126
133
110
