349
273
262
273
303
278
337
376
352
276
302
323
282
360
262
351
273
260
267
304
339
307
329
228
356
256
335
284
317
215
346
292
321
255
314
298
312
306
366
218
411
384
270
254
337
247
332
372
267
357
340
266
250
266
426
380
346
330
340
359
334
247
258
368
310
343
311
339
357
365
339
242
370
299
262
389
339
323
231
224
382
327
302
278
335
307
356
283
327
261
335
260
357
325
266
356
335
359
346
322
330
296
390
350
289
300
360
315
280
321
285
341
309
379
271
303
321
315
347
286
285
324
301
364
285
328
335
270
434
305
366
294
357
323
340
312
306
265
361
340
294
310
289
309
273
353
277
274
331
316
371
372
335
336
355
310
332
316
345
311
327
291
306
279
356
267
296
340
339
265
341
298
351
291
298
305
280
363
329
352
313
378
363
337
254
267
318
341
361
345
273
290
309
313
360
320
327
261
310
325
382
300
323
267
238
336
279
331
321
278
291
360
316
322
249
263
305
346
347
402
345
319
309
298
267
318
283
330
281
352
310
315
352
283
329
285
351
347
267
353
346
310
366
326
246
312
348
317
315
347
363
320
298
325
345
281
365
231
261
362
294
376
311
302
364
311
344
350
360
325
325
337
344
283
311
332
356
306
332
313
335
368
306
210
387
250
365
314
265
378
312
317
300
315
271
286
279
378
304
293
271
309
355
287
390
340
340
267
280
298
265
252
272
309
311
329
285
336
257
345
209
354
240
376
327
308
331
280
278
288
308
321
374
311
363
362
320
213
263
320
284
338
258
326
308
388
249
337
359
292
352
257
325
339
358
283
326
300
267
256
347
379
321
308
349
331
311
265
336
297
335
276
306
285
310
317
343
338
390
318
293
267
202
364
290
377
391
273
295
294
276
265
357
336
399
359
272
308
362
356
355
325
252
331
345
303
312
312
252
344
298
299
322
312
307
290
344
421
245
338
307
297
331
290
353
309
263
329
314
346
416
300
268
345
329
248
292
255
329
322
341
398
330
279
291
347
282
277
353
292
297
330
311
283
305
289
318
355
255
299
298
342
289
314
366
236
345
405
300
287
312
281
394
375
342
329
256
360
254
286
319
323
238
306
240
278
378
317
343
236
313
218
353
309
328
380
376
271
365
294
