263
206
242
178
208
217
288
221
225
204
227
193
228
295
335
249
256
183
205
230
274
215
233
176
257
243
254
235
196
294
205
241
248
253
247
238
233
274
195
296
230
342
216
181
237
253
244
278
250
256
265
224
257
268
236
238
313
272
275
231
203
261
238
207
261
259
235
241
216
233
185
179
223
250
285
230
232
229
257
247
191
233
144
254
220
209
333
254
243
280
253
215
203
243
220
185
261
249
228
208
156
219
247
227
291
279
266
232
229
205
304
187
267
236
249
216
233
226
261
240
261
225
269
234
241
259
240
204
249
235
202
205
220
215
222
224
234
267
292
234
177
203
220
248
199
248
234
206
227
209
188
290
226
259
175
169
192
243
261
212
217
234
272
255
224
252
221
215
237
242
235
238
198
168
195
190
234
241
229
205
248
277
215
218
241
237
294
212
246
285
211
274
250
221
276
272
233
271
229
253
263
245
263
174
191
223
252
262
221
222
238
268
250
228
239
207
217
220
247
234
200
215
245
222
251
241
203
192
250
282
234
326
211
234
239
202
285
204
273
200
243
270
217
201
239
187
239
266
300
233
238
199
270
194
201
224
225
225
224
235
245
244
213
218
284
216
272
239
232
231
251
250
186
235
216
278
228
165
243
206
249
228
296
304
180
236
293
218
251
209
220
244
262
264
253
215
222
244
169
283
240
201
201
205
184
219
197
288
251
239
215
201
239
210
261
216
275
264
287
237
202
213
271
241
178
236
267
222
185
208
210
198
218
237
206
236
284
266
243
226
263
237
187
248
234
234
235
192
207
249
258
241
205
244
265
209
221
217
268
279
253
200
208
246
279
264
231
247
211
233
248
221
248
257
241
252
246
232
228
263
211
255
254
181
194
185
188
252
273
293
250
290
250
255
217
293
274
268
246
235
266
201
234
245
255
264
222
273
222
270
264
239
308
267
203
245
257
238
262
246
240
186
234
271
238
247
215
174
243
255
322
192
272
185
260
202
239
223
220
223
201
212
214
257
229
222
197
226
275
281
291
236
223
249
244
215
223
260
252
236
239
240
241
227
264
177
206
264
238
236
209
268
186
246
226
223
208
208
243
237
253
262
207
245
273
237
276
174
193
245
208
235
276
205
296
213
235
234
180
257
