296
239
381
381
346
281
341
298
336
389
316
183
232
276
377
396
300
386
340
347
366
209
280
421
306
352
333
354
340
364
302
349
275
277
307
350
309
251
483
410
350
365
299
370
330
264
393
362
301
212
265
449
304
410
339
360
347
308
351
292
266
330
444
333
444
347
361
387
455
243
396
341
409
363
275
309
300
363
331
305
300
350
336
318
245
303
370
372
401
275
326
222
471
360
319
269
341
481
384
351
410
381
252
329
359
340
382
339
455
375
319
443
289
308
295
270
275
435
278
253
387
319
204
237
373
331
352
292
325
391
251
313
359
362
332
251
348
321
306
366
319
323
458
407
384
350
362
244
247
290
324
242
367
425
415
297
337
238
356
334
331
300
457
321
381
344
280
348
355
356
369
331
401
270
430
409
263
459
418
382
277
379
328
279
286
409
339
366
359
270
299
358
344
332
306
212
418
329
315
311
331
267
294
354
350
337
261
267
258
320
328
458
383
331
301
342
348
291
333
275
360
287
279
363
383
342
368
311
289
404
358
268
306
321
365
285
292
399
270
456
307
339
368
322
394
245
355
330
323
251
358
290
275
245
461
333
262
370
318
259
279
322
400
232
388
315
253
299
410
400
304
386
259
312
353
235
270
333
408
335
355
280
237
222
332
357
276
339
270
353
374
373
341
394
447
347
357
334
220
194
425
307
389
392
373
305
364
410
298
291
250
352
289
335
343
370
323
291
198
299
430
362
391
350
342
411
409
346
205
349
363
361
290
305
293
269
272
422
317
327
355
379
325
255
332
304
306
328
247
392
314
369
377
247
313
359
310
331
425
314
287
209
385
304
410
239
330
386
343
439
396
394
355
357
305
294
309
352
279
342
319
283
303
379
407
348
280
158
388
387
298
374
320
275
373
299
373
225
317
318
306
290
406
408
323
310
166
436
289
253
393
221
313
431
201
312
145
244
350
275
307
348
481
406
332
429
350
226
304
307
412
275
296
365
303
293
333
346
278
282
310
275
299
395
348
302
346
448
405
325
378
442
317
222
254
349
255
257
348
411
279
287
298
282
329
282
267
179
364
434
317
368
347
345
303
325
271
437
362
422
270
324
300
432
296
198
339
431
365
284
336
250
317
375
342
303
385
229
391
410
