266
231
288
258
244
230
285
237
196
263
285
272
307
229
280
240
300
263
289
271
229
234
228
262
270
276
273
246
288
241
233
269
253
274
275
247
250
309
277
275
289
261
211
269
247
267
271
243
281
240
273
279
257
255
296
250
226
232
245
272
274
262
247
278
262
266
294
262
291
244
248
223
296
262
274
299
246
261
242
292
246
278
269
283
210
261
245
236
268
233
241
250
279
253
248
283
289
261
303
321
260
267
277
246
255
314
249
259
287
263
265
273
236
242
286
311
184
228
255
273
245
256
233
284
295
240
266
277
221
267
234
258
233
255
287
217
247
233
280
275
222
234
268
276
269
257
223
259
284
259
216
256
273
235
278
322
274
242
250
245
226
259
253
239
258
235
216
222
250
282
292
268
241
264
283
254
288
230
304
257
246
254
266
232
272
226
272
235
252
276
231
310
282
295
254
225
222
267
265
270
248
269
264
250
169
243
264
263
348
262
295
205
252
217
240
254
265
221
223
279
221
247
260
220
244
237
302
259
283
260
217
288
254
279
240
298
246
284
289
277
263
263
251
240
215
247
273
274
271
284
210
218
238
272
222
327
232
296
242
285
261
292
298
284
220
246
314
207
278
271
253
287
267
298
235
253
263
247
263
237
249
246
231
286
200
273
249
266
267
230
281
262
266
217
280
247
277
237
276
288
247
239
330
263
237
288
274
243
285
226
235
242
278
251
262
263
279
243
259
286
252
251
227
227
277
226
190
281
315
275
242
300
218
239
235
271
266
244
227
268
280
197
241
222
289
252
260
235
197
252
277
259
255
219
264
285
257
273
261
271
277
277
274
238
316
260
253
246
287
259
246
249
249
276
312
242
272
233
223
295
264
256
240
224
280
270
256
302
255
242
254
252
259
304
242
228
263
244
256
235
247
262
295
247
275
244
253
311
257
228
237
213
272
274
258
279
272
231
251
254
256
282
281
261
261
211
272
273
241
274
238
258
301
257
210
251
251
267
235
274
293
289
249
239
282
276
218
212
258
298
251
261
297
222
251
258
319
295
280
256
287
261
269
248
234
275
269
244
231
232
289
271
205
261
277
224
262
302
254
258
295
224
223
231
301
258
234
287
275
246
248
285
232
279
250
262
268
238
253
226
