349
311
331
398
291
335
303
295
235
303
273
311
337
259
253
291
332
244
239
187
276
340
277
291
245
249
291
237
235
302
268
274
291
289
335
359
297
258
294
257
304
234
297
298
379
261
360
299
243
317
304
295
336
290
239
217
225
263
253
334
324
306
283
303
250
253
272
238
328
253
340
225
255
260
256
203
255
303
314
295
330
285
305
356
256
235
248
310
325
336
320
282
268
234
290
234
290
305
278
250
277
258
298
338
302
248
252
263
320
297
249
343
237
307
232
238
292
258
243
289
311
279
268
277
290
280
262
296
250
259
252
289
299
320
271
261
271
266
310
220
279
286
243
268
223
294
275
310
250
198
276
260
291
256
291
342
290
288
265
324
276
233
213
223
303
269
357
293
253
310
291
199
204
260
260
317
311
314
224
233
287
342
288
256
229
282
224
239
301
301
257
275
256
246
284
307
312
306
305
271
259
281
282
356
275
320
302
351
265
276
234
344
340
288
277
293
294
300
271
251
256
257
346
319
202
235
304
251
273
254
331
265
255
228
252
285
355
303
234
261
336
296
269
200
284
308
289
277
370
262
326
260
314
245
308
192
303
271
265
327
288
314
240
265
264
253
311
305
355
243
289
164
360
299
277
299
304
229
311
246
277
303
314
310
283
273
273
286
299
310
284
282
298
272
301
314
210
327
323
320
264
254
343
287
299
305
286
286
283
298
273
276
266
244
254
283
295
271
289
237
307
287
245
293
244
260
321
291
293
286
311
277
268
257
185
305
320
343
233
267
283
258
252
339
297
244
266
218
242
291
281
289
263
309
311
276
303
228
276
291
286
275
230
286
373
287
305
322
335
280
237
303
299
311
286
301
253
283
293
249
269
291
235
246
288
289
307
279
275
179
277
322
349
340
350
255
231
325
315
300
277
257
360
279
355
288
270
308
286
214
299
334
268
394
309
289
263
276
247
302
296
344
285
190
238
269
315
274
299
331
317
294
205
244
329
219
247
298
250
259
277
222
300
208
290
324
338
256
316
258
243
237
274
202
273
223
302
250
273
275
254
292
303
255
346
267
329
296
275
369
286
281
280
246
304
229
297
299
229
286
262
254
265
305
253
297
297
283
317
238
261
310
334
203
294
298
240
306
317
286
