341
336
340
298
307
291
359
395
325
303
322
336
329
305
387
407
344
301
308
314
366
418
319
318
391
322
355
316
360
343
350
372
291
342
361
337
340
359
354
325
365
299
326
310
385
311
320
323
366
290
319
329
346
361
373
314
323
309
345
367
316
371
271
332
362
392
337
369
302
344
294
364
323
282
296
364
356
212
319
293
238
350
355
310
378
361
311
377
291
332
332
334
364
387
389
271
346
351
226
326
281
335
332
343
333
280
298
376
334
355
285
314
428
335
320
335
397
302
421
334
349
307
316
284
384
315
294
401
305
352
272
326
342
379
297
437
297
271
331
356
362
248
458
310
342
343
276
287
272
392
310
351
312
296
378
378
289
287
313
311
356
327
341
386
357
341
305
360
326
334
374
333
366
284
342
289
273
309
346
291
307
304
307
333
336
260
370
349
322
283
308
314
314
340
407
345
346
371
370
317
244
293
350
341
321
366
328
299
342
361
298
292
321
283
305
343
334
375
296
288
303
324
355
297
380
314
334
288
305
365
311
300
298
267
336
371
306
311
254
359
398
365
407
354
330
361
335
338
323
358
313
358
409
259
365
331
301
345
282
263
373
313
383
273
372
304
324
325
362
348
282
379
282
342
317
328
264
359
305
312
322
364
385
323
302
348
287
321
299
329
318
367
350
353
354
313
327
316
364
257
285
298
364
322
310
297
332
263
332
350
303
328
337
243
449
300
334
396
337
238
348
360
310
271
285
286
370
338
337
271
376
296
308
289
252
263
326
341
354
351
353
396
287
315
269
346
344
322
320
362
356
334
289
320
297
376
352
277
298
359
333
276
324
370
178
311
242
322
349
313
352
379
288
306
303
361
344
354
356
337
334
330
267
314
355
288
414
343
342
285
347
321
289
280
304
266
369
319
346
284
240
358
418
326
318
426
286
359
400
279
337
299
327
305
295
368
247
305
370
334
318
387
327
286
272
332
283
349
301
321
319
322
344
309
411
339
339
290
354
345
355
286
351
349
340
354
307
326
340
354
390
319
224
245
308
310
266
315
355
346
263
383
343
268
301
372
380
369
314
339
331
243
309
408
319
340
336
313
369
301
310
329
383
308
344
299
313
356
377
423
315
227
307
362
312
390
355
362
299
325
