378
332
433
357
352
416
371
327
277
329
359
314
331
343
332
288
361
358
335
348
318
310
361
351
338
334
298
331
302
278
326
328
330
318
310
304
374
263
338
369
316
330
406
366
364
344
316
409
339
348
316
399
244
389
411
360
451
374
324
341
285
323
352
347
357
394
309
396
336
349
345
394
395
362
385
349
305
366
388
349
369
327
302
338
235
323
359
331
278
331
296
382
348
345
356
352
398
320
280
304
301
316
339
335
278
333
301
303
321
325
321
412
421
319
284
406
299
348
363
310
314
350
324
337
289
349
332
291
366
346
360
285
344
313
363
365
408
368
315
327
365
325
351
319
337
252
347
380
357
328
330
369
340
276
383
388
397
344
325
345
344
376
325
376
394
391
362
345
249
339
297
325
339
297
366
303
301
376
286
418
317
289
348
352
388
376
325
379
349
377
406
383
382
317
309
467
411
343
307
314
337
351
375
369
325
317
366
323
303
315
370
316
341
315
334
297
346
264
394
359
323
293
397
338
350
373
364
312
366
339
318
381
295
340
332
300
300
382
380
345
346
312
400
320
327
397
342
289
335
331
334
351
329
393
367
294
346
288
377
359
366
269
366
365
394
312
342
314
339
276
306
325
407
349
258
347
261
322
332
349
308
356
350
331
408
295
332
308
374
345
352
318
329
367
323
369
385
336
262
330
409
233
298
405
375
339
296
382
360
335
443
362
338
361
314
331
329
310
386
388
415
341
377
338
278
334
326
318
342
271
358
374
371
285
308
328
364
354
327
346
360
386
336
253
341
340
423
287
376
318
396
335
297
371
323
419
321
323
335
369
398
326
365
276
344
342
359
302
333
355
320
399
353
334
375
265
285
354
276
329
410
334
265
272
308
329
312
376
373
328
326
306
395
340
259
367
385
356
361
384
310
389
306
304
349
356
379
342
324
328
401
248
295
341
336
317
265
351
339
335
396
343
377
301
363
325
395
332
267
363
376
345
327
338
363
325
347
335
297
348
301
370
340
347
355
366
314
345
358
305
357
335
312
348
370
405
316
356
351
418
355
346
343
355
355
302
299
320
279
367
338
298
314
373
364
332
390
300
312
377
369
326
315
380
415
376
326
355
365
283
371
316
355
321
372
332
366
320
351
332
