175
223
188
188
166
163
141
181
222
145
183
182
176
147
175
179
237
175
230
208
179
177
207
164
194
173
254
187
196
224
192
165
200
193
205
198
168
218
178
179
184
154
232
184
169
192
208
206
204
157
202
160
216
203
207
195
198
166
161
185
184
188
156
237
183
187
161
237
192
155
176
158
231
180
196
229
213
166
204
197
192
173
184
194
198
156
217
150
188
209
174
218
159
207
181
161
202
173
179
221
187
195
190
199
165
225
186
171
210
133
165
215
141
170
185
221
180
187
164
208
184
193
170
212
194
176
159
186
225
161
176
147
200
197
206
189
188
191
229
207
206
182
192
184
180
209
200
167
193
199
200
171
185
192
183
190
199
162
211
174
190
189
209
191
191
213
201
184
209
227
205
199
187
208
199
178
206
175
162
166
195
191
183
190
177
176
246
170
177
183
160
165
162
228
190
209
148
220
208
172
209
228
234
176
183
196
156
200
209
162
178
183
171
189
194
186
179
188
197
186
211
169
168
190
184
241
179
184
223
197
180
188
200
236
164
141
164
212
217
227
185
193
159
231
190
185
209
206
184
157
164
169
192
187
191
167
183
207
198
186
196
167
223
206
160
184
180
181
150
211
194
214
223
207
208
193
204
207
183
169
164
210
182
142
214
177
199
205
192
202
190
206
160
186
174
158
193
172
201
183
158
166
168
152
172
195
225
191
195
175
178
181
193
182
163
181
198
153
174
218
174
185
201
173
143
157
190
199
199
204
181
169
212
176
212
172
156
169
197
195
180
213
166
178
190
212
203
173
178
207
181
160
205
203
216
196
174
156
202
193
211
213
148
174
195
200
179
163
202
194
187
214
212
185
178
172
184
206
196
178
195
205
168
189
198
181
164
203
213
186
187
189
174
188
189
195
169
179
240
186
195
160
153
211
184
190
204
220
149
174
202
198
220
203
187
173
168
184
168
185
176
182
200
191
208
225
206
186
204
192
181
166
212
178
229
180
196
222
187
193
204
163
165
182
205
191
203
164
200
197
170
160
196
194
264
184
169
172
192
196
172
193
189
236
257
175
201
181
193
183
168
201
181
203
195
205
217
196
163
211
176
180
195
150
196
194
209
195
152
148
206
182
216
188
170
188
174
193
204
225
