273
248
318
289
260
286
330
303
396
279
202
287
290
321
371
318
243
345
315
300
267
309
297
411
261
282
303
288
276
277
318
325
274
314
345
379
299
343
272
320
364
306
324
246
341
299
276
326
281
315
322
292
336
277
337
389
314
314
363
314
352
352
333
337
323
346
311
272
312
343
268
290
389
334
314
339
329
322
284
233
266
291
307
291
281
255
315
269
267
324
381
289
324
380
357
388
252
229
251
308
326
274
318
352
290
334
264
294
325
275
327
287
251
328
334
290
342
310
301
338
311
320
329
321
288
292
314
282
368
250
317
282
330
373
309
323
358
307
316
344
284
239
304
244
322
349
309
330
292
289
314
354
298
245
286
268
345
301
321
323
278
322
300
364
313
311
324
243
259
261
267
275
299
265
308
272
230
313
257
344
325
276
261
312
280
287
285
306
284
307
311
242
298
437
345
298
328
348
311
326
386
365
348
370
319
351
313
280
245
340
281
276
309
348
321
295
369
228
340
308
262
317
310
340
304
264
223
294
309
291
282
294
291
256
261
317
344
330
310
301
318
280
281
324
290
266
306
335
268
317
259
305
412
304
269
265
371
288
313
306
302
257
238
383
313
360
257
323
300
285
250
398
309
340
305
313
305
327
345
252
356
300
366
311
311
292
261
306
336
315
282
306
315
327
223
337
307
269
347
314
312
253
294
267
260
325
248
233
301
252
312
286
358
302
343
310
350
305
306
322
297
346
280
270
318
355
370
317
277
274
346
261
271
289
344
288
265
264
256
288
335
319
328
228
251
330
300
253
285
310
327
385
321
308
292
211
258
345
331
351
357
350
276
287
318
351
343
327
327
325
291
301
335
312
333
304
270
308
342
333
316
351
274
311
302
326
324
359
302
306
359
303
346
319
281
262
301
310
324
259
314
296
285
331
374
327
295
307
254
351
266
279
215
342
318
324
349
288
305
371
332
290
300
365
303
302
259
342
287
298
343
314
283
363
293
358
299
324
270
314
325
269
355
288
302
289
314
285
351
295
345
314
335
326
387
301
302
339
313
266
247
321
351
283
273
280
317
265
293
316
257
316
320
342
298
284
281
355
343
314
313
265
293
311
303
300
287
349
309
360
264
310
300
335
339
339
358
251
251
351
