291
265
303
330
279
336
318
292
243
306
294
292
313
290
283
311
300
334
286
285
279
290
314
288
279
318
305
307
323
277
299
290
226
333
315
323
318
312
270
311
261
264
289
318
303
303
286
301
309
276
270
273
331
266
346
298
274
310
356
306
279
290
267
344
312
303
336
294
321
320
268
332
310
344
315
343
344
298
276
347
334
348
286
317
322
285
320
303
300
326
254
314
279
337
289
325
290
318
295
331
328
317
332
300
314
306
279
269
306
318
228
312
299
317
319
309
306
338
320
251
314
314
330
319
317
284
283
318
341
317
271
315
326
336
356
307
286
311
302
321
272
297
304
341
271
300
313
275
333
289
308
301
265
262
313
283
309
294
307
320
327
282
323
323
333
277
326
281
311
301
283
357
310
262
302
280
298
309
343
321
336
300
298
298
347
290
297
271
271
320
350
294
285
309
288
309
254
294
278
255
285
318
266
326
274
322
304
330
299
286
287
295
267
290
344
321
329
316
347
262
295
305
313
312
320
313
337
306
255
299
322
382
335
328
256
304
327
296
311
306
299
327
278
297
332
340
337
315
309
325
278
322
307
318
296
251
293
290
324
337
276
281
295
265
333
328
344
380
325
331
325
261
299
318
353
329
330
317
363
306
333
323
267
309
305
323
334
304
313
307
272
318
300
303
341
283
303
320
298
308
343
305
331
298
302
292
298
257
274
340
286
285
326
313
316
250
276
313
296
306
353
340
284
337
248
281
331
356
246
311
320
301
290
318
291
317
314
297
262
313
302
368
270
285
264
280
277
289
299
286
295
350
332
323
292
290
319
320
325
266
290
260
294
292
296
271
277
324
328
306
352
305
261
330
325
344
309
346
275
322
298
290
260
324
257
298
283
270
327
314
339
337
321
288
300
323
245
333
323
309
298
287
311
299
331
288
270
285
247
265
340
320
292
305
339
315
303
362
301
313
295
275
338
279
294
278
313
284
309
297
306
302
333
297
308
328
296
306
306
277
292
321
354
276
310
275
345
303
297
298
331
327
266
298
277
262
280
293
317
252
269
335
260
264
291
322
299
270
360
303
310
325
300
280
344
293
282
274
306
307
264
316
272
307
319
300
284
276
360
338
319
285
318
323
309
298
290
321
289
336
