78
117
93
102
86
88
93
93
71
83
102
95
95
89
83
103
92
97
94
79
98
91
108
96
92
101
84
97
98
87
87
98
97
94
89
91
78
90
116
98
82
103
99
74
77
90
66
92
106
81
75
99
104
86
103
89
93
74
96
97
89
84
110
86
85
98
113
82
95
111
80
110
104
104
85
90
95
80
88
100
99
97
79
93
98
85
94
94
109
87
106
89
97
100
95
102
94
108
111
88
87
84
94
99
75
87
98
87
114
83
88
84
81
104
92
108
88
87
84
80
100
101
100
79
68
86
89
94
93
93
74
93
101
96
90
98
111
88
95
77
85
99
92
114
95
104
98
105
98
88
88
84
113
105
81
87
103
83
92
118
90
83
93
106
84
91
79
84
86
100
107
113
105
85
75
83
102
94
94
106
89
101
89
95
111
100
87
84
95
102
107
119
75
100
99
88
83
91
93
85
111
111
98
98
102
82
94
111
90
82
93
75
97
96
88
89
92
90
65
82
74
86
77
86
97
83
84
95
102
87
113
91
84
93
86
91
66
101
87
112
95
98
88
112
94
78
92
77
88
93
105
102
102
114
92
93
101
90
101
83
66
96
104
100
104
87
113
97
104
96
107
95
84
100
112
85
92
95
83
92
87
76
85
83
92
98
76
97
113
92
82
98
74
108
89
106
101
109
87
82
92
74
87
85
87
90
89
82
96
87
103
88
94
97
96
102
97
73
85
98
98
96
85
93
85
110
106
96
92
93
95
97
100
93
86
93
84
96
78
98
77
81
84
93
107
84
89
83
92
86
90
102
72
90
90
89
104
99
92
94
103
110
97
97
100
81
94
82
79
88
102
98
96
96
86
88
90
95
92
96
98
97
83
100
109
87
88
95
83
92
89
76
100
84
97
102
98
96
99
81
76
88
98
82
103
98
91
103
92
87
97
94
88
99
105
95
95
84
94
117
88
105
109
106
104
96
88
111
90
99
95
93
95
92
99
92
121
101
76
105
95
82
86
96
78
94
107
87
88
96
110
94
111
102
94
110
65
106
87
87
94
96
95
97
72
86
86
102
78
104
91
90
118
92
103
94
93
80
105
84
88
101
98
81
95
91
71
96
107
89
84
91
89
97
94
101
82
91
96
94
