261
267
308
242
222
256
271
249
237
241
269
263
250
269
228
244
230
213
215
283
239
289
223
270
267
252
273
263
228
272
285
259
263
247
247
270
251
276
224
271
254
272
211
216
256
212
305
286
224
282
256
283
264
262
270
289
253
290
268
197
248
283
219
279
266
215
252
246
278
229
256
205
303
246
224
275
232
268
233
237
251
269
227
261
278
239
277
241
279
240
282
210
214
296
243
266
253
252
248
278
266
271
279
255
250
251
281
276
227
308
241
294
268
275
253
266
230
234
245
246
266
273
266
283
223
264
283
281
264
302
269
227
236
237
292
208
261
291
276
275
265
221
274
242
246
211
241
237
256
262
231
249
278
252
309
235
252
264
289
266
232
284
248
277
266
232
277
242
260
258
234
249
248
257
250
237
248
278
268
273
219
252
244
247
313
225
311
226
240
256
289
246
259
308
238
281
269
224
262
244
269
247
285
268
279
290
257
253
276
265
279
221
254
267
247
239
255
307
237
242
278
239
266
235
254
314
210
265
236
252
259
285
258
313
295
273
244
261
283
273
287
299
242
298
286
240
248
253
268
278
256
264
250
241
238
250
293
291
239
278
245
278
291
294
268
226
212
233
279
263
284
240
241
218
246
217
262
280
255
282
262
248
223
248
265
249
259
265
290
253
262
242
242
307
238
252
268
279
233
288
257
247
258
276
268
240
247
282
305
275
243
280
243
211
224
288
292
205
267
262
239
270
272
256
241
294
279
267
240
268
244
244
269
234
272
300
270
291
235
271
284
275
255
256
264
210
273
244
258
264
240
244
263
285
261
226
267
234
224
257
272
277
261
300
242
271
265
268
260
245
251
290
269
247
242
256
242
247
282
246
250
249
263
260
254
257
265
256
254
242
264
232
223
269
266
254
262
246
276
228
250
270
263
270
246
276
288
236
258
228
247
293
253
272
309
226
306
233
250
237
216
296
291
299
223
283
271
278
290
301
244
261
266
323
250
260
270
220
260
270
270
264
229
260
247
239
223
253
237
244
250
245
274
267
259
280
253
274
306
272
268
258
262
232
237
249
279
246
311
220
280
298
281
279
241
250
251
271
280
253
259
201
262
273
280
248
301
273
243
273
261
254
255
226
211
226
287
234
305
257
