68
104
83
89
120
91
75
116
103
80
104
112
83
98
103
71
84
97
39
78
87
85
142
68
92
75
85
102
89
94
74
133
78
83
83
69
62
69
78
103
89
114
41
84
66
111
39
88
74
64
94
97
98
102
83
100
76
94
102
94
117
122
83
100
50
87
88
111
91
100
97
62
94
67
124
107
66
127
74
122
76
103
111
92
127
80
119
126
92
104
100
67
45
100
92
89
92
109
59
87
90
83
77
94
83
104
104
88
97
92
65
90
77
84
95
93
88
93
82
97
114
85
89
50
86
59
79
126
88
66
85
103
91
85
91
111
115
59
72
75
64
85
108
90
70
113
121
85
94
65
103
80
69
117
123
51
81
134
89
76
86
90
109
83
79
47
62
90
76
59
100
113
71
87
95
69
78
69
89
105
94
105
99
85
79
89
73
108
94
83
91
86
123
97
75
84
108
84
79
115
71
91
59
63
84
84
91
99
87
119
84
89
119
74
103
80
92
82
92
99
75
113
98
73
122
84
124
80
115
87
117
107
77
91
69
90
74
110
101
59
103
92
108
96
105
95
80
73
97
104
59
90
96
84
97
111
83
101
94
56
84
87
72
100
97
121
95
97
96
95
130
117
66
82
104
56
97
81
91
106
82
76
98
88
105
105
93
87
98
95
57
73
116
113
107
112
61
77
98
95
77
108
75
121
86
70
76
91
95
66
93
88
120
78
112
89
121
81
133
93
75
78
104
81
51
79
123
54
69
103
98
40
92
88
77
75
88
73
85
91
108
75
90
111
81
98
69
123
154
90
125
82
87
110
103
119
105
97
90
89
82
70
102
78
97
94
110
72
118
123
109
88
86
113
118
84
100
80
103
68
90
93
85
132
106
57
114
72
100
83
86
89
69
105
104
68
124
89
88
85
118
85
104
87
109
89
83
111
93
97
85
89
114
71
80
75
79
108
104
86
102
84
106
107
106
93
95
66
86
117
104
98
127
90
87
79
102
81
121
74
99
79
94
101
92
114
94
68
75
91
101
95
54
99
114
61
113
104
61
102
52
86
117
112
100
112
74
96
62
94
87
104
109
19
93
97
77
86
100
90
91
104
128
81
100
110
91
109
112
86
87
81
92
111
75
93
75
114
77
98
