111
129
105
117
138
113
121
131
119
128
120
144
133
112
109
139
135
112
120
132
122
126
131
125
131
97
120
143
119
114
118
129
143
110
162
136
124
135
114
128
134
122
133
143
134
114
97
153
131
100
124
115
127
121
138
114
123
129
125
112
119
134
121
159
116
124
126
125
107
128
119
120
112
132
123
124
118
114
147
129
102
124
130
130
116
119
122
135
136
134
136
111
141
142
122
141
145
134
137
111
139
123
141
128
129
138
111
150
130
139
127
123
137
130
101
108
131
138
139
114
147
124
138
141
123
130
119
108
110
124
125
124
114
119
117
134
169
118
124
139
155
116
148
135
158
147
128
124
134
120
138
146
122
135
127
143
121
132
105
113
106
144
141
117
130
126
128
145
116
146
133
117
142
125
139
113
124
126
141
160
147
144
108
120
144
122
108
136
128
120
129
136
133
128
103
118
131
138
137
134
117
131
144
125
120
136
133
135
120
106
134
115
112
121
120
125
136
124
121
148
110
126
120
120
143
100
165
113
130
132
130
144
144
124
121
118
129
126
133
112
140
124
149
130
122
140
110
130
151
139
121
123
139
124
107
134
157
104
131
113
130
120
121
101
141
145
103
146
114
120
119
122
105
128
135
113
123
154
130
142
139
126
134
157
132
153
106
130
140
118
126
125
134
124
138
137
122
139
123
124
136
128
141
143
134
117
121
122
116
132
123
113
146
124
139
128
126
130
126
121
152
106
105
147
118
154
140
118
140
138
122
136
125
117
130
143
157
120
133
130
145
122
125
134
125
113
145
117
116
133
123
132
124
127
119
118
150
142
141
148
119
116
122
127
150
141
117
124
143
116
130
138
139
122
141
114
133
113
112
131
143
146
131
139
142
112
112
117
131
139
121
115
127
115
136
116
124
117
126
136
149
107
136
109
137
127
124
133
116
132
128
104
126
130
124
123
127
127
123
120
139
129
154
123
136
127
112
127
143
116
126
129
134
123
117
129
129
140
113
126
117
124
137
123
129
118
148
139
135
122
132
148
138
129
128
126
138
124
111
133
113
114
144
132
149
121
131
112
145
128
115
127
142
140
118
144
119
112
133
121
126
112
118
127
113
139
105
124
118
132
145
121
110
135
106
108
118
116
125
134
