313
281
297
319
309
299
244
223
246
294
274
296
293
279
296
269
267
296
341
314
227
314
312
247
276
321
296
271
308
277
278
282
256
282
263
296
283
275
243
276
287
260
230
246
326
243
328
230
346
313
305
324
284
296
241
282
305
329
330
273
268
282
299
275
239
304
234
258
239
246
332
264
282
236
317
350
270
311
309
316
327
248
275
333
297
277
230
279
365
311
237
343
292
244
257
244
275
261
284
303
275
272
285
297
294
287
252
304
308
249
254
324
288
294
307
267
265
223
267
275
259
306
297
334
210
305
305
277
271
338
299
263
315
260
283
253
304
313
247
257
273
260
235
322
295
298
283
320
274
262
264
283
275
289
283
322
311
306
292
292
231
290
294
282
267
282
279
235
273
295
278
276
283
313
268
269
314
264
343
292
257
287
291
275
235
295
294
278
298
248
296
259
295
260
242
285
248
230
276
283
230
272
269
265
269
298
225
290
274
239
271
229
304
310
325
284
224
303
290
263
292
337
285
301
340
297
207
242
313
260
291
279
284
287
260
276
297
248
297
335
275
245
265
266
264
260
312
301
311
328
238
323
301
247
314
304
217
338
257
286
295
304
373
261
272
269
277
274
288
296
236
278
261
210
295
283
236
280
295
281
285
312
243
272
293
296
268
303
270
293
268
272
320
279
292
285
253
265
309
310
362
270
262
265
304
266
268
248
226
291
345
272
295
246
265
287
275
246
217
278
292
234
251
263
338
289
269
261
331
283
279
246
237
243
271
314
298
256
234
284
234
253
330
317
229
294
264
293
230
270
266
244
234
238
312
247
307
305
264
262
273
321
324
295
299
277
234
292
310
262
272
322
274
250
289
306
315
313
242
290
253
235
274
287
249
294
267
276
308
294
325
329
268
230
314
248
230
269
299
378
274
260
278
291
175
276
339
278
274
294
280
329
325
289
219
200
274
297
264
294
305
269
312
326
263
281
300
276
273
284
312
298
235
316
289
295
296
301
332
304
268
314
267
264
281
251
238
277
272
258
277
308
233
233
265
345
277
186
289
287
294
357
309
302
282
330
238
262
267
239
292
250
324
274
266
289
340
300
353
293
319
274
323
234
265
298
285
259
260
284
325
282
266
282
311
321
277
300
304
284
