460
354
406
409
318
395
378
419
490
408
421
448
366
328
284
396
369
350
403
295
370
321
413
375
357
432
435
388
333
406
354
333
362
346
398
385
439
397
373
428
358
439
428
470
337
306
366
379
382
321
451
331
337
395
343
477
384
331
358
344
458
445
421
422
363
322
423
389
392
370
308
393
270
346
316
383
356
392
360
446
368
392
359
400
431
354
390
395
431
391
363
431
484
373
376
382
477
412
447
459
415
421
369
363
445
403
415
411
351
405
372
407
394
352
345
449
392
369
398
376
393
379
372
332
389
391
381
397
373
424
369
420
292
374
360
438
450
394
422
401
480
409
424
412
404
380
422
387
403
403
435
377
336
340
376
410
391
423
357
412
354
419
402
444
362
470
392
407
355
379
335
365
405
382
367
351
469
362
467
381
353
395
427
421
447
420
364
396
390
413
305
350
379
331
463
314
397
357
290
424
393
420
334
343
423
362
417
437
382
317
367
365
333
367
351
475
358
300
351
362
429
371
437
444
519
405
307
406
390
314
525
369
409
426
391
391
372
400
344
341
432
420
446
416
387
306
386
400
462
353
353
380
432
404
381
449
434
344
331
364
363
388
406
311
353
433
385
353
325
349
415
414
346
358
365
408
389
336
396
397
423
346
399
371
316
533
404
362
361
345
385
457
364
320
344
364
425
404
307
375
355
379
394
380
354
339
371
362
367
454
443
436
451
384
366
417
397
369
365
430
436
395
451
443
444
380
430
350
402
364
333
431
390
405
337
327
438
410
390
394
427
368
299
355
493
369
416
400
430
375
361
413
392
435
369
425
342
448
392
358
341
375
469
366
437
352
443
384
402
386
421
425
301
366
409
468
374
343
372
354
335
395
363
385
327
489
418
376
403
381
482
398
363
329
424
465
280
302
338
425
349
440
304
416
353
400
386
320
388
414
350
364
406
314
422
387
376
389
417
367
407
378
422
385
309
393
443
386
390
413
357
316
334
352
365
380
396
406
411
389
426
393
388
418
377
406
343
294
375
339
383
400
440
410
422
370
416
423
450
424
434
379
440
419
389
328
324
484
324
384
396
332
343
415
401
349
436
525
326
314
322
401
399
357
337
370
358
310
382
449
350
443
395
383
324
294
303
340
449
368
