318
322
275
353
324
229
378
325
339
222
264
301
310
285
303
380
351
259
354
348
401
304
328
296
362
362
296
414
334
275
338
343
304
296
344
380
287
295
287
302
291
300
362
347
324
318
298
307
351
341
286
285
358
372
336
351
321
321
378
334
296
375
261
326
324
370
331
333
291
274
225
290
396
291
319
263
313
283
264
334
297
337
325
339
327
327
420
237
395
440
324
302
295
342
293
348
250
324
333
330
349
300
267
254
391
315
372
335
246
323
304
281
320
351
321
319
437
327
317
220
339
328
335
325
328
374
293
321
345
315
335
304
290
333
338
265
306
289
321
300
329
296
257
355
275
299
331
345
331
378
339
318
290
306
313
351
348
375
275
328
333
273
344
334
256
347
270
342
332
397
275
318
359
260
369
347
284
359
287
316
320
333
337
364
389
344
247
328
336
347
274
341
281
292
329
386
406
320
312
320
301
366
310
382
311
345
340
359
329
266
276
333
313
344
294
305
363
351
379
360
377
341
339
361
322
341
335
271
351
359
379
339
291
372
285
292
371
315
335
274
331
299
251
329
354
365
360
321
384
363
279
346
263
281
353
363
331
325
314
319
342
315
253
332
353
331
245
330
340
344
286
323
298
346
323
319
305
342
355
309
314
333
292
367
318
306
310
328
299
330
301
268
352
284
403
330
358
275
364
307
345
310
262
344
325
368
401
312
312
217
313
262
344
301
271
239
303
334
317
276
247
348
361
293
301
340
331
332
256
283
384
304
279
310
348
350
305
260
280
330
346
397
304
214
325
369
323
308
342
376
279
231
281
291
278
301
311
285
340
304
370
346
324
386
389
318
362
300
299
293
324
309
247
271
290
374
300
353
326
283
385
323
404
355
314
360
287
354
369
334
331
331
262
288
305
275
290
242
334
360
289
328
312
260
319
322
295
263
325
339
251
251
340
408
350
370
233
327
343
352
378
344
337
283
251
380
302
352
333
339
345
366
303
278
361
387
280
343
335
268
351
361
368
309
286
289
283
303
275
338
278
271
326
311
295
381
330
326
318
260
319
321
294
290
310
308
289
304
372
279
317
293
319
317
310
339
328
282
280
259
283
273
291
386
322
272
339
285
357
347
276
351
318
379
336
420
364
376
345
371
