513
527
508
452
488
432
497
538
530
480
570
570
459
523
396
573
614
425
380
431
541
540
455
301
520
566
494
505
516
579
587
429
456
504
459
575
461
547
425
432
489
421
521
589
381
530
522
534
487
574
558
518
447
551
590
560
460
468
518
579
497
395
492
498
463
483
556
477
584
456
429
479
597
519
506
541
471
342
542
516
480
511
444
424
431
562
476
471
551
539
504
539
493
591
598
433
477
488
357
510
502
557
482
533
388
444
524
499
513
447
538
363
541
539
504
475
513
464
477
496
518
425
403
467
435
511
633
567
466
408
545
602
536
509
541
530
516
450
585
415
418
459
413
370
567
510
423
458
433
438
492
591
417
302
489
409
439
489
517
520
322
564
580
545
431
618
454
347
429
421
460
466
538
427
475
467
526
626
360
440
588
481
488
601
564
469
380
471
546
615
448
489
556
430
411
491
514
492
510
496
551
459
437
471
505
454
634
501
580
543
431
586
503
494
456
529
504
517
603
374
542
380
623
576
595
436
529
544
450
507
590
470
470
566
437
563
457
451
455
468
467
548
553
471
485
403
437
416
443
465
452
485
484
533
304
490
472
433
418
459
450
457
499
507
447
451
536
566
585
394
501
467
471
502
456
415
385
322
333
611
504
397
478
387
431
533
405
538
469
410
531
478
546
475
435
482
495
500
478
503
531
548
535
493
462
530
411
524
597
496
468
506
553
564
511
634
476
477
504
523
500
441
475
401
377
572
520
437
496
563
546
465
537
527
492
489
549
530
457
583
510
462
530
391
457
483
596
464
475
350
467
591
487
359
378
433
443
528
435
489
484
455
500
494
453
524
487
480
457
370
494
589
519
486
463
507
485
611
467
532
545
499
424
500
528
593
490
496
493
481
449
432
558
560
550
502
468
506
506
461
532
557
438
533
552
482
333
533
460
507
349
402
502
532
399
452
445
526
450
571
488
432
460
600
533
530
511
536
401
500
405
561
425
533
554
438
634
423
519
440
545
577
504
436
524
475
466
492
475
552
590
432
612
408
417
592
554
531
520
525
515
412
454
469
476
524
514
447
494
533
537
528
436
535
451
494
473
396
436
448
399
456
466
601
521
480
509
502
616
463
318
616
513
331
554
490
605
443
566
445
