407
382
351
380
364
386
386
373
363
359
356
435
350
362
411
321
372
403
369
314
351
377
347
317
384
411
339
385
428
372
340
366
324
388
375
367
382
383
366
355
336
360
356
405
389
366
361
319
402
341
351
380
428
375
383
311
354
425
379
279
339
378
259
358
411
361
448
326
353
308
379
402
374
323
364
369
367
371
379
356
348
347
343
355
344
348
399
345
355
363
312
324
339
354
334
406
319
363
321
366
408
406
365
389
388
354
393
359
319
366
363
306
319
314
277
316
368
353
382
403
411
412
348
370
348
348
328
403
298
379
393
378
369
401
394
454
388
321
321
352
401
341
355
323
404
298
424
348
351
382
361
413
317
380
321
332
421
340
348
335
378
348
378
346
393
411
340
398
353
335
427
348
357
301
384
357
417
373
304
337
329
418
318
309
376
365
351
315
308
385
369
409
326
323
366
390
323
292
388
398
375
259
399
386
338
357
415
345
350
367
370
349
331
338
383
341
354
293
303
376
346
328
363
343
347
482
331
424
360
349
373
356
361
330
387
379
377
353
379
350
305
400
388
350
379
342
348
394
339
355
386
337
328
386
390
370
357
315
362
325
308
348
419
334
336
391
302
348
337
359
343
406
358
337
374
368
341
309
378
362
373
407
413
388
399
406
349
397
444
379
374
362
399
295
381
331
340
337
323
338
365
349
383
393
287
360
370
353
317
332
323
320
403
341
281
416
388
352
311
368
354
416
370
361
340
369
361
378
255
387
386
395
363
382
326
329
326
426
415
346
390
343
332
410
404
402
324
335
332
382
360
324
398
378
335
330
337
358
324
323
368
362
361
373
459
325
318
408
332
344
354
338
381
362
357
343
414
369
324
306
322
370
366
370
409
345
381
394
326
306
429
404
381
367
389
354
342
388
359
391
398
313
307
371
381
375
359
379
334
385
324
359
439
429
416
431
319
354
307
407
383
337
437
394
350
356
344
296
388
419
301
366
357
325
342
326
361
405
402
293
307
362
321
324
380
379
360
375
361
353
379
351
402
365
330
336
356
314
367
425
388
390
377
349
351
396
348
354
326
395
300
349
356
292
359
331
369
342
386
424
368
414
274
367
369
363
300
339
437
380
428
337
311
380
401
393
364
342
359
348
