194
184
256
164
185
254
229
251
274
206
198
220
209
222
234
235
181
238
166
235
214
235
163
203
229
268
213
244
223
189
286
189
231
229
234
197
235
246
270
189
241
227
246
230
245
237
204
189
153
233
272
259
251
261
261
241
231
224
197
241
278
227
194
242
189
231
256
220
189
246
181
197
239
231
234
225
219
236
176
244
213
248
212
247
223
221
228
212
183
273
190
220
197
205
201
188
205
159
195
179
221
205
213
212
212
216
183
201
222
229
180
175
270
229
254
230
217
254
173
231
232
232
234
212
199
204
202
212
225
246
202
206
242
162
164
246
227
231
251
235
242
202
191
210
247
230
232
205
188
252
277
219
198
183
201
228
246
185
208
185
194
259
228
217
194
211
223
243
209
197
195
220
261
221
216
291
236
194
202
193
249
170
222
189
193
246
251
224
234
184
195
177
202
197
183
239
208
160
229
239
245
247
239
236
226
183
221
201
250
228
173
142
219
181
236
199
221
201
212
251
200
207
272
189
236
197
274
150
217
195
189
252
205
205
212
209
252
278
253
228
198
225
147
173
239
179
200
250
204
206
228
225
233
209
221
212
246
186
214
191
200
192
221
184
181
227
213
280
217
155
248
187
273
218
209
216
196
226
224
221
218
200
229
184
219
231
214
205
195
164
234
178
235
250
216
256
239
231
209
222
225
166
228
218
228
197
240
218
195
189
249
210
226
246
253
253
171
167
213
203
195
216
208
238
159
128
188
181
240
236
223
223
230
235
229
223
226
236
234
206
227
226
202
165
247
270
222
230
244
163
229
212
199
158
260
175
233
235
174
187
210
262
190
169
162
242
204
203
208
218
162
202
227
247
278
204
240
214
202
210
226
242
183
259
217
184
168
223
214
240
215
179
167
211
222
206
249
177
259
260
178
259
193
177
254
200
210
246
284
271
226
241
238
167
241
209
206
253
178
195
212
221
167
196
302
162
204
181
216
237
245
205
184
215
176
255
264
199
226
231
220
234
201
227
205
235
193
223
227
240
277
217
178
199
196
218
208
202
276
167
224
248
212
237
235
186
219
253
198
210
258
198
241
250
225
219
232
253
193
179
193
242
280
207
183
263
239
190
226
233
168
283
234
204
190
237
204
235
238
260
