157
181
197
176
90
181
187
202
151
175
163
190
164
163
188
183
200
172
155
159
172
195
175
129
184
145
158
146
139
138
181
154
164
176
160
206
201
227
134
160
156
172
166
158
164
176
159
143
157
183
179
163
154
148
204
153
140
163
172
238
176
212
196
184
138
137
155
137
179
133
156
196
197
148
187
165
134
147
211
161
162
192
186
186
161
163
189
164
191
180
159
157
155
146
169
166
173
191
133
198
187
176
164
188
166
172
182
174
174
122
162
149
173
174
161
207
155
189
175
159
171
160
154
200
139
188
142
165
157
113
105
199
183
136
158
158
178
146
172
162
137
191
184
172
175
146
143
191
162
185
177
167
166
152
155
158
189
172
196
179
136
191
169
137
189
179
214
143
169
192
170
171
187
193
148
163
209
141
151
199
169
169
192
198
160
170
171
142
154
216
163
148
177
191
172
185
208
166
187
208
205
178
158
153
178
154
185
215
164
151
188
159
133
191
155
165
150
219
175
166
192
187
178
181
150
135
147
158
202
143
178
137
155
186
216
161
150
170
145
191
182
181
179
159
178
196
173
133
175
191
170
198
147
163
155
172
197
185
139
171
166
186
145
154
192
158
166
165
191
228
191
141
164
154
184
142
120
169
181
152
171
149
140
154
181
127
191
187
156
189
156
166
167
137
169
159
169
192
200
179
163
190
191
138
161
152
167
171
159
166
173
192
162
196
187
138
165
191
189
171
192
162
182
193
216
209
193
159
138
202
123
152
172
184
215
151
229
148
146
130
160
155
145
128
153
149
177
148
153
169
125
173
178
189
173
154
159
186
179
185
198
177
144
192
117
140
192
197
182
171
158
190
114
204
115
188
148
178
170
176
206
215
181
210
176
158
164
145
151
171
187
140
154
134
136
119
188
200
180
152
199
197
155
169
118
181
179
192
172
164
153
159
185
177
158
201
127
165
188
185
172
161
170
164
153
188
133
180
188
150
178
160
178
173
162
184
159
155
201
151
182
155
147
173
162
191
166
177
153
197
201
185
182
125
151
184
170
148
155
127
186
132
151
169
148
183
171
164
207
166
186
185
185
166
171
207
186
162
184
177
178
179
151
152
190
163
180
182
167
171
166
182
183
230
167
174
169
194
201
183
