75
94
85
103
102
90
75
84
92
112
80
85
102
85
99
85
85
87
93
88
87
86
106
76
91
99
106
75
81
93
77
105
97
94
91
79
100
84
76
104
77
82
110
88
78
93
93
88
94
110
93
106
83
99
105
101
98
96
84
82
72
98
86
108
84
94
97
83
99
93
105
83
86
78
81
88
86
107
90
94
92
95
85
72
89
105
92
85
80
89
74
99
70
97
99
93
83
100
82
94
113
102
90
85
108
111
99
113
103
89
94
111
93
94
84
90
94
94
93
93
84
91
100
96
83
76
80
86
82
102
93
104
97
84
94
80
95
101
88
73
91
94
88
79
87
94
97
83
92
86
111
80
81
87
81
106
81
97
87
98
77
90
93
85
88
94
84
92
95
64
98
80
98
92
83
99
103
75
91
88
83
103
100
104
96
90
99
85
101
106
102
100
80
82
88
84
91
81
76
84
78
96
99
103
84
102
91
104
92
93
98
104
100
93
79
109
85
83
86
104
86
90
98
98
93
92
83
111
89
100
90
104
77
99
94
103
80
97
91
83
77
88
110
91
92
104
85
96
105
101
119
98
80
104
105
91
102
95
95
91
77
95
102
110
75
80
80
97
89
88
87
81
112
82
95
92
81
93
85
87
73
83
73
91
80
87
91
71
93
108
108
88
103
77
90
99
75
91
93
93
66
86
87
100
99
87
109
83
77
98
83
81
101
83
101
88
93
117
94
85
127
101
89
93
89
114
107
91
86
99
82
87
92
76
92
111
91
79
86
104
113
83
85
79
73
73
87
87
85
80
98
94
81
88
88
107
72
77
102
107
111
84
109
79
96
101
85
90
88
100
81
77
101
94
92
95
99
87
84
87
91
99
86
71
80
95
79
79
101
87
104
88
100
75
98
108
91
85
88
88
110
104
79
102
94
88
96
97
86
85
94
87
71
83
79
99
110
112
91
93
74
90
100
95
99
105
84
98
86
82
79
102
82
101
97
74
90
77
100
77
92
102
81
106
77
114
93
101
79
79
99
88
88
68
85
92
92
79
83
107
94
105
109
99
109
84
97
98
99
99
108
94
108
75
101
83
77
95
81
80
90
90
82
99
102
103
86
83
97
95
94
84
103
76
85
101
84
100
76
91
