86
87
78
77
86
98
94
114
81
105
122
99
84
96
83
75
99
94
101
105
105
88
106
85
87
94
90
105
88
94
99
80
104
68
89
79
109
83
80
73
114
92
99
85
82
108
115
97
103
89
107
81
71
98
79
111
117
107
118
79
82
94
106
84
115
108
107
95
101
104
89
87
60
93
93
63
83
72
59
105
82
64
92
107
101
101
108
104
106
64
101
98
80
96
98
92
96
93
82
74
97
109
95
119
70
70
99
122
116
79
83
91
77
94
79
93
116
87
90
88
80
90
120
96
93
93
88
86
71
98
97
96
100
88
85
104
87
102
98
120
101
108
101
76
85
78
91
99
66
62
78
95
94
98
80
103
110
100
73
106
93
104
93
99
99
74
111
53
89
80
111
111
103
120
96
80
92
88
91
88
73
99
94
73
113
97
95
107
92
108
86
86
70
92
83
115
110
88
77
100
98
93
89
81
74
102
95
79
71
100
82
113
84
103
94
81
79
109
108
94
73
94
85
86
75
95
111
102
93
94
97
79
87
84
99
100
103
88
114
97
80
91
111
88
107
90
88
89
87
86
80
70
100
105
64
69
82
87
75
75
113
91
72
87
95
100
100
92
81
93
90
78
95
91
104
91
80
80
89
104
71
86
86
94
81
105
89
81
76
118
78
95
84
97
103
98
88
97
84
116
81
94
102
87
108
82
126
108
97
109
92
91
96
88
105
95
101
72
101
89
81
92
77
91
94
121
97
77
120
94
74
104
101
87
83
85
91
90
87
98
84
110
92
82
81
88
79
88
98
88
93
109
95
90
102
100
104
82
101
92
95
99
107
107
81
87
86
82
87
80
90
94
94
100
111
105
89
78
82
94
76
71
82
97
84
86
122
84
87
94
98
83
99
97
89
86
98
60
99
85
87
90
97
93
97
76
89
94
86
85
91
79
92
77
91
99
93
86
95
104
81
79
71
100
95
93
83
76
76
86
112
83
113
96
88
80
78
77
93
104
87
65
69
63
73
84
69
111
91
85
79
99
102
78
97
75
82
84
105
103
85
87
71
99
97
93
103
102
106
85
101
93
75
85
102
87
104
100
83
102
114
91
75
90
104
105
98
74
76
108
73
99
96
110
95
90
86
85
83
96
