109
114
140
107
89
136
119
90
97
111
77
113
118
120
125
101
111
96
80
106
116
78
124
116
81
120
100
113
90
95
92
111
79
106
93
96
92
101
99
102
93
103
88
103
125
67
107
111
112
113
116
111
93
91
100
102
73
107
74
90
100
105
104
120
108
92
114
107
123
102
129
86
122
104
106
103
68
119
88
106
79
109
120
125
117
120
133
89
108
81
99
110
117
96
120
88
113
106
95
93
87
102
97
98
88
84
79
123
103
77
105
83
114
58
90
92
96
105
105
88
93
85
98
130
110
92
102
82
109
119
111
104
83
102
125
129
82
135
88
94
100
130
129
92
106
119
113
91
87
121
83
101
88
84
96
103
81
112
105
104
84
114
103
109
129
123
112
94
107
114
123
85
119
121
100
89
150
105
98
97
100
119
85
101
82
125
73
107
93
74
113
120
109
105
117
74
124
109
111
113
94
107
117
100
112
112
105
89
87
97
116
120
99
122
110
105
95
86
111
112
104
114
130
110
73
83
82
89
102
95
123
128
92
104
108
102
99
80
89
78
94
107
116
99
118
119
105
120
61
92
107
61
93
119
103
88
87
70
112
93
99
154
155
101
115
93
94
116
111
103
124
77
93
115
111
105
107
116
110
118
111
108
112
108
122
95
110
129
121
117
92
128
100
109
99
82
90
120
112
108
103
95
100
82
111
141
110
87
83
95
125
73
84
82
105
122
89
89
103
124
109
93
128
111
93
116
103
124
104
90
73
113
91
115
65
87
120
106
110
107
122
92
125
128
93
97
102
99
87
82
92
95
129
98
92
97
97
114
79
116
123
123
106
113
148
92
64
92
113
103
121
106
85
84
106
96
85
91
89
105
125
89
117
95
109
76
115
67
110
102
108
102
99
99
84
104
106
140
105
83
94
106
100
116
100
84
89
94
83
120
113
90
116
101
102
91
94
77
130
110
87
87
94
99
83
82
114
86
83
91
105
124
112
97
123
82
125
83
123
112
112
96
79
88
118
109
90
102
95
130
115
104
95
128
100
68
90
94
110
123
127
113
105
100
130
107
110
130
82
113
103
86
109
116
112
89
114
106
77
82
93
126
112
92
91
84
106
102
104
106
114
97
101
106
81
115
65
74
114
115
