244
192
290
181
242
232
261
266
229
255
260
264
371
235
296
313
257
249
260
213
271
235
228
241
268
264
214
283
219
282
173
221
256
283
255
264
206
271
213
265
210
248
173
264
201
314
196
218
230
201
221
215
252
173
243
239
226
250
299
263
263
250
282
265
261
259
272
212
265
253
222
188
287
191
251
239
252
202
218
159
290
177
239
243
199
258
252
256
273
210
212
242
277
273
277
232
162
243
258
246
181
304
212
240
196
214
261
281
271
245
204
258
260
170
235
234
250
234
208
242
215
255
224
251
294
311
240
229
302
199
185
220
280
159
194
220
253
302
247
259
240
222
265
235
171
261
195
184
188
249
293
245
228
246
190
240
248
238
192
260
187
180
263
297
252
278
288
274
292
263
245
274
305
186
291
255
193
269
253
241
218
268
245
247
304
253
185
276
212
214
235
243
176
208
207
182
210
262
234
219
317
289
204
309
176
239
228
176
267
221
224
244
243
240
220
201
297
257
193
190
253
276
223
263
220
304
218
221
206
248
195
270
261
221
212
244
249
209
147
247
246
229
205
243
254
321
268
184
261
220
194
206
260
239
223
233
261
243
196
226
200
207
190
202
233
184
127
217
276
310
240
252
243
214
214
219
217
213
258
335
182
158
213
208
213
238
200
209
217
210
251
230
245
268
259
260
202
230
227
286
270
281
234
277
275
216
248
270
238
265
277
203
285
266
259
236
231
257
204
241
229
210
264
240
244
226
247
281
302
183
194
257
210
255
214
318
290
281
186
215
247
255
243
325
206
219
245
188
244
253
211
210
194
291
261
257
275
253
211
238
309
239
205
224
260
200
179
265
259
224
291
194
221
211
258
264
246
284
323
265
309
274
256
207
213
239
211
275
259
193
304
250
242
224
258
275
209
267
263
304
232
241
230
326
245
245
273
186
230
199
250
158
266
244
230
259
185
189
250
208
279
257
243
315
243
183
228
220
241
259
211
237
194
203
232
210
285
295
306
228
159
277
252
202
228
276
235
214
265
212
177
276
300
226
294
239
246
249
196
289
232
216
223
182
251
224
250
252
205
253
212
217
181
282
268
219
234
282
274
261
288
269
269
250
264
187
167
209
257
191
178
248
239
252
200
232
227
258
206
272
