488
527
515
491
484
523
540
495
520
579
532
482
544
560
493
488
512
507
533
571
459
540
491
542
494
419
531
483
535
505
505
523
565
411
519
479
493
544
518
515
530
516
556
481
507
454
585
537
522
546
504
520
469
596
464
437
500
487
469
425
489
560
465
574
543
545
544
548
531
507
489
510
516
457
435
489
555
477
557
525
435
558
484
534
431
527
507
569
520
532
501
489
481
510
537
526
465
492
506
512
487
575
499
543
474
476
475
526
435
533
494
543
524
517
471
472
549
477
469
592
572
468
516
495
530
533
485
482
464
479
563
510
455
489
535
429
539
499
485
483
508
478
486
536
531
456
425
363
457
531
554
514
520
500
453
506
440
466
522
503
553
468
506
484
516
489
534
552
481
524
504
420
516
506
475
464
483
542
430
519
459
546
464
515
417
584
496
565
505
457
550
518
502
548
539
554
534
490
477
539
491
494
491
483
582
471
499
500
458
509
475
520
545
450
464
478
476
501
500
514
513
551
457
430
406
380
480
579
516
520
488
535
466
512
488
461
545
493
427
505
488
543
489
533
408
487
486
564
514
480
525
574
505
522
425
474
527
538
488
438
432
476
516
498
543
509
454
479
536
549
414
501
550
509
493
513
519
446
454
556
574
407
525
465
499
416
442
561
530
516
484
604
572
420
533
463
371
570
426
532
503
557
500
476
563
476
506
553
477
469
447
499
467
533
493
503
506
568
490
473
528
424
480
545
484
524
513
456
513
507
508
501
471
451
541
558
425
476
560
457
510
481
430
664
485
524
523
512
548
503
551
474
548
483
447
461
532
542
497
577
461
570
503
471
456
537
497
479
461
488
503
442
432
491
487
564
534
471
457
479
527
476
491
513
537
589
529
585
539
430
507
490
558
504
465
513
513
527
529
554
505
445
483
472
548
466
529
477
527
516
448
436
461
566
484
508
445
509
494
485
485
436
496
490
509
494
518
459
477
529
484
564
535
528
536
466
488
507
472
559
489
517
534
617
482
460
504
515
586
415
553
492
521
435
516
553
491
422
526
487
545
503
496
473
504
482
536
504
451
440
544
491
456
549
490
482
486
472
515
492
414
488
475
526
483
449
420
440
532
480
477
561
477
438
524
493
547
493
523
522
