470
311
407
420
442
351
428
405
471
380
389
454
401
392
449
465
467
411
405
459
380
425
424
419
455
437
433
408
425
420
434
408
507
473
389
444
442
470
441
415
431
399
455
442
436
407
474
441
406
418
458
422
403
435
413
477
376
422
423
464
434
477
431
379
436
453
427
392
497
438
445
471
426
396
457
465
412
405
394
386
443
428
457
470
416
467
480
387
435
452
427
420
406
475
430
404
437
411
436
428
414
442
368
433
422
451
482
383
443
460
437
532
419
393
452
455
420
430
423
464
447
460
416
398
412
469
467
447
408
455
460
384
429
488
409
436
485
466
465
454
361
450
395
454
487
448
398
399
476
378
397
486
462
399
428
548
465
408
359
421
482
434
435
467
459
469
384
441
418
393
431
420
435
437
452
506
416
498
431
461
471
435
474
415
368
451
434
544
387
407
416
462
437
433
438
469
502
441
469
468
450
374
358
476
464
402
482
430
429
426
456
382
461
438
429
457
540
452
434
446
414
447
477
510
397
428
456
404
485
404
388
443
419
423
460
436
440
417
373
438
466
385
410
414
494
442
357
470
449
442
462
482
397
436
487
420
486
474
465
428
505
462
479
460
451
445
459
422
476
428
472
448
437
455
452
468
404
500
401
460
446
405
440
452
509
429
499
478
407
394
409
443
466
402
442
423
431
374
412
402
446
480
447
467
493
473
457
404
405
457
501
368
473
463
512
430
445
472
401
450
478
471
441
450
476
363
483
408
441
428
413
406
415
438
461
441
491
445
452
376
496
391
454
363
419
434
436
405
445
378
434
497
526
467
444
433
403
384
444
446
486
471
460
470
461
427
453
430
383
450
450
469
405
440
409
423
430
472
436
366
426
483
464
473
430
405
493
436
455
493
411
405
464
505
400
473
423
366
435
390
411
440
512
494
470
494
504
472
446
470
471
485
391
377
442
444
499
429
466
461
371
455
494
393
438
503
403
455
429
463
433
386
466
382
388
450
497
435
401
441
453
402
455
442
463
382
438
431
423
453
406
408
417
424
452
412
448
446
434
452
437
450
382
421
478
349
454
457
455
482
399
449
442
473
426
469
495
420
438
379
487
511
462
402
478
414
445
396
439
476
493
408
401
496
439
503
375
436
472
414
