468
541
528
576
575
492
538
546
610
488
513
512
591
513
496
528
629
547
551
521
521
549
524
607
479
597
563
516
444
561
484
500
510
587
565
544
474
535
484
513
500
502
565
529
606
529
492
540
506
528
534
522
458
551
565
439
513
545
555
509
529
592
557
522
532
570
548
531
456
558
520
577
517
489
525
470
606
546
568
537
480
489
547
511
579
512
553
490
525
561
550
471
520
526
533
503
478
586
475
559
534
525
557
549
518
534
488
487
455
531
496
507
575
531
490
525
535
470
510
523
490
570
550
557
536
536
503
570
580
505
584
517
483
447
526
524
551
627
545
501
521
531
499
551
429
514
495
459
482
520
572
543
546
557
541
493
516
543
545
510
517
550
536
450
553
586
467
511
488
493
630
490
490
441
506
509
556
559
514
501
456
521
516
545
526
540
574
543
480
594
509
534
566
564
497
594
481
508
543
576
515
548
584
508
496
518
526
539
595
519
545
596
507
491
483
563
490
518
457
486
536
508
545
558
584
536
494
515
515
522
573
534
514
572
539
592
540
539
478
550
496
582
522
533
482
508
579
527
572
492
507
528
616
590
571
500
595
479
556
452
462
469
524
577
507
528
425
456
560
548
597
489
501
477
536
514
486
538
556
505
476
554
514
562
520
583
457
526
537
474
534
504
532
515
568
578
558
566
523
602
554
487
474
523
471
500
501
569
520
589
517
485
507
538
538
524
578
540
515
453
564
467
493
490
550
475
520
425
482
508
580
443
510
548
588
507
555
466
508
562
519
526
569
531
502
570
512
504
520
484
545
572
511
540
589
484
543
536
555
537
526
546
498
581
509
545
551
443
519
561
508
522
483
528
530
575
510
449
537
575
510
559
482
535
532
529
506
525
466
465
564
526
574
509
553
589
538
575
424
482
573
563
576
580
559
532
533
508
526
540
532
468
502
520
583
543
521
581
552
507
532
534
514
546
518
545
533
560
550
496
508
475
467
543
486
481
479
485
569
485
579
521
539
497
509
484
531
580
590
533
520
493
566
543
568
500
467
531
489
425
558
510
477
535
531
495
613
543
473
534
514
491
550
471
523
556
507
458
455
614
565
610
532
537
517
560
536
558
433
530
549
646
511
423
552
567
458
516
505
475
