281
358
307
293
300
290
305
275
314
280
308
334
310
290
304
273
295
274
312
296
274
293
329
317
307
282
250
363
311
320
293
278
320
315
327
303
300
318
289
249
284
349
297
335
299
310
307
315
307
279
320
326
333
352
265
290
292
343
274
322
328
303
280
292
295
327
259
318
332
307
326
317
322
291
309
279
265
266
300
319
255
297
315
336
297
318
261
296
310
285
297
331
310
325
313
304
319
263
353
298
313
323
318
289
324
327
294
302
283
288
354
290
319
328
306
297
297
273
313
336
295
287
317
322
289
283
301
288
302
310
294
308
347
310
288
299
328
315
353
300
303
314
271
261
286
285
316
284
288
334
322
347
309
288
347
325
282
310
307
274
317
276
270
367
332
315
308
283
283
301
313
258
287
275
320
317
275
304
317
257
310
312
281
304
340
253
333
308
312
249
288
283
291
304
260
358
308
299
319
294
319
287
282
351
311
330
243
284
387
285
314
364
275
318
278
297
333
309
343
267
331
312
305
346
293
276
331
294
275
324
286
299
297
321
314
291
293
347
256
286
344
287
287
298
262
301
340
346
299
313
275
315
305
287
368
207
302
295
251
297
250
331
273
268
244
312
301
259
249
293
324
326
326
296
342
332
328
291
281
297
307
316
279
341
280
261
332
369
245
315
289
327
337
331
274
245
315
281
330
309
285
243
297
290
314
348
314
317
286
315
288
318
326
298
306
319
254
283
263
349
297
307
271
286
297
274
278
303
255
318
310
282
299
249
316
307
281
298
319
263
295
279
296
291
269
296
285
297
267
314
332
280
281
258
280
325
272
243
272
351
351
308
314
303
297
282
269
316
284
308
317
331
327
276
331
281
261
333
303
287
301
302
299
283
319
340
295
270
288
298
309
292
308
299
250
303
320
278
247
312
319
315
327
351
339
314
345
273
309
268
318
326
351
308
318
330
279
321
251
292
331
310
348
337
313
329
323
308
273
290
325
368
291
322
274
228
252
289
337
292
284
297
325
295
277
304
337
295
296
304
275
274
315
308
263
288
287
301
294
321
292
311
322
308
282
287
292
302
309
282
287
241
317
337
299
315
256
294
300
314
327
335
302
292
297
292
323
313
309
334
329
281
356
311
329
276
344
313
300
322
