190
206
218
218
240
197
202
173
286
214
195
190
225
243
237
194
231
253
207
279
232
249
192
217
187
232
221
194
240
231
224
241
245
227
274
123
186
193
207
215
194
201
183
194
234
245
221
280
199
234
275
192
237
215
163
218
246
175
167
294
217
140
194
233
191
195
202
255
215
189
200
261
232
199
181
218
245
171
229
159
211
203
181
237
263
201
240
233
227
189
219
208
237
254
176
255
239
225
164
171
155
207
168
242
176
231
153
210
190
248
238
230
236
179
220
265
205
237
186
257
215
235
138
324
247
224
251
201
220
213
215
189
198
269
201
202
195
200
217
186
281
211
263
268
238
233
262
147
144
182
202
152
228
187
254
211
219
237
217
277
214
222
145
166
183
194
241
224
201
259
228
253
233
245
201
264
190
216
201
208
210
261
247
226
214
192
213
211
209
169
248
193
273
231
231
212
238
227
201
273
279
285
216
150
170
224
202
229
192
181
191
157
237
262
198
198
247
210
220
236
193
117
265
180
213
213
152
198
164
188
186
292
207
229
238
298
187
173
192
202
243
185
191
263
225
250
275
271
250
238
184
230
187
214
193
187
249
255
245
207
264
245
177
219
261
168
209
243
187
190
173
214
265
244
187
203
167
242
189
193
189
260
241
211
192
201
259
198
144
276
202
171
215
181
181
189
215
246
194
198
176
240
250
272
222
213
193
239
245
223
204
208
204
206
204
226
185
195
302
216
226
190
228
274
253
166
259
165
212
151
202
184
214
250
260
208
195
194
196
198
178
232
278
200
195
221
232
246
187
288
172
230
192
219
246
157
249
178
238
186
243
298
221
215
150
207
219
170
264
271
254
238
237
246
321
223
252
243
205
179
197
171
208
233
242
255
220
154
189
239
143
179
233
248
218
177
207
158
217
191
238
219
162
229
265
163
184
226
199
230
209
269
226
196
263
227
218
257
240
257
224
241
184
227
231
195
208
232
172
200
193
200
151
211
202
237
184
229
192
234
225
205
248
230
296
212
171
232
223
195
238
229
219
230
210
244
256
240
227
191
242
179
214
220
160
216
221
256
232
197
188
246
197
176
238
281
154
172
220
202
198
211
174
223
177
211
197
263
159
267
212
236
179
190
202
228
119
197
146
205
