563
404
499
576
451
525
471
404
426
472
501
425
458
357
344
472
525
505
406
421
474
515
505
509
359
455
484
483
483
458
546
557
443
458
456
452
349
475
538
432
458
440
522
393
499
460
386
515
395
529
496
537
391
393
409
538
457
531
545
484
495
451
496
481
397
378
492
529
606
441
517
432
453
418
404
580
457
471
337
546
442
468
502
395
486
394
501
497
417
475
491
552
448
466
449
421
407
481
380
446
435
509
552
502
359
436
561
466
500
434
550
458
401
541
431
528
521
616
502
629
494
594
519
483
388
437
380
495
462
466
479
426
499
475
467
450
431
495
510
428
563
541
370
477
550
508
502
492
541
475
438
487
469
447
468
490
449
486
466
426
436
442
394
528
520
426
505
490
363
365
385
504
608
474
462
535
507
414
471
442
505
474
333
563
398
495
560
529
510
527
480
339
387
529
451
528
347
402
470
564
469
468
368
404
587
446
388
456
539
512
431
492
404
360
455
410
577
411
496
485
410
457
450
385
570
426
527
324
445
491
473
514
486
502
410
426
517
489
434
506
451
494
457
457
495
481
502
389
492
447
487
572
549
450
432
413
446
516
420
423
458
717
517
465
480
469
541
591
489
472
503
426
383
539
465
525
508
466
553
514
489
504
512
448
277
509
425
450
610
360
534
401
479
396
457
526
564
460
416
522
481
499
528
405
521
484
441
404
535
352
494
399
525
407
529
459
487
388
398
597
504
485
551
510
494
510
487
461
445
515
472
395
415
383
468
505
422
567
419
433
455
429
493
506
545
554
411
440
470
492
468
425
455
476
542
602
422
530
381
485
452
529
497
535
536
512
489
396
425
491
504
518
456
521
467
549
422
560
438
512
551
425
445
474
491
418
399
469
514
444
363
445
454
533
528
473
490
440
560
524
454
406
491
454
540
487
540
514
513
459
453
504
408
495
491
504
569
505
535
325
532
486
369
437
527
430
551
432
526
438
455
400
406
396
474
370
532
453
433
456
427
398
557
425
500
521
457
522
465
543
468
509
441
446
482
459
508
423
522
501
547
458
522
528
505
436
502
495
473
334
433
474
464
516
516
461
546
512
462
514
430
403
406
520
557
608
484
371
561
501
609
481
396
592
452
395
493
596
453
407
