402
291
413
343
260
470
426
268
434
357
199
382
256
230
268
354
336
367
315
312
313
308
271
473
327
394
254
380
278
262
321
414
312
398
415
300
306
311
333
304
286
291
414
374
461
294
300
329
457
527
394
197
357
327
286
363
258
420
305
295
185
171
330
361
323
584
411
328
366
371
477
347
244
416
411
364
399
308
383
218
420
452
335
292
483
395
320
297
315
393
449
318
372
272
419
425
466
296
269
411
354
356
346
317
334
279
288
305
425
249
445
292
437
300
363
307
373
333
323
381
250
368
288
380
405
266
335
455
254
389
311
384
444
335
327
428
341
291
221
274
190
387
313
444
406
281
370
265
280
502
382
438
263
329
403
506
271
417
416
387
388
363
337
405
333
333
326
398
350
306
356
406
293
360
346
348
322
324
397
336
370
450
282
337
376
226
443
464
386
366
373
468
324
367
488
413
347
328
449
247
254
324
383
385
371
288
322
221
343
340
338
231
420
382
337
290
333
383
399
209
392
318
400
289
320
320
342
213
374
294
321
367
300
453
344
486
322
352
360
246
385
285
436
300
411
339
336
391
407
366
331
208
292
378
405
383
366
404
248
424
376
273
411
301
255
250
393
344
301
336
418
354
237
229
308
385
371
354
367
335
311
342
415
297
398
358
344
342
333
282
353
380
349
319
391
333
458
370
316
397
421
436
360
330
305
325
256
364
369
273
301
399
155
350
349
241
442
392
292
298
234
401
358
367
365
363
308
324
271
362
319
268
359
319
359
240
363
258
307
323
339
310
297
386
360
287
302
291
280
299
275
321
491
320
371
272
253
354
347
366
371
401
445
330
345
349
360
297
388
404
393
420
236
464
300
374
382
361
419
328
266
467
352
347
333
294
290
281
374
357
340
344
288
412
319
304
320
383
324
338
268
262
256
367
375
360
315
352
209
276
202
318
239
314
390
310
345
345
367
355
330
343
362
343
326
269
329
190
246
457
227
420
262
326
280
400
375
240
396
301
305
455
346
344
357
411
279
383
260
436
302
354
269
276
316
293
425
292
307
527
236
371
387
373
384
360
377
377
231
333
321
318
349
196
362
166
312
323
332
381
375
317
296
291
286
391
389
409
243
433
390
220
353
299
266
399
343
408
493
436
