258
255
282
261
260
202
257
233
237
257
256
212
258
199
266
241
234
229
247
213
245
237
209
231
225
240
228
264
222
229
245
228
212
258
232
248
248
260
187
257
232
218
249
283
230
265
241
230
227
232
184
263
243
246
264
260
233
226
224
211
249
232
231
225
248
263
284
246
213
234
202
251
258
240
273
233
192
229
243
216
235
198
229
225
261
275
224
210
243
225
238
245
266
239
210
234
223
225
223
219
213
271
210
292
215
215
237
256
268
231
244
223
234
182
262
257
251
236
226
249
259
263
175
248
251
256
242
231
259
242
220
223
270
248
273
218
276
257
244
243
232
257
218
230
254
256
171
257
216
225
227
216
252
218
218
238
280
274
243
246
203
247
211
194
243
289
240
260
253
225
265
269
257
262
207
262
259
235
228
240
267
293
264
246
251
281
227
234
237
199
226
281
230
234
202
244
227
238
221
191
291
255
194
232
232
255
231
219
236
265
249
267
245
233
204
269
211
209
242
260
283
243
203
222
262
233
249
268
221
248
281
275
224
226
240
275
240
245
218
269
211
224
231
256
224
206
238
225
238
250
197
256
265
264
242
290
243
230
258
201
218
224
234
277
245
191
289
252
208
194
238
264
222
242
200
217
238
224
207
226
205
275
265
221
215
293
235
214
256
281
232
215
224
269
266
207
255
260
254
240
239
225
253
262
227
251
213
242
234
240
234
212
263
216
238
246
226
220
221
232
223
220
258
239
230
218
237
216
237
253
252
221
270
269
248
239
188
251
188
232
246
211
257
240
257
257
229
253
216
257
270
223
258
235
239
255
199
238
217
258
261
229
206
221
244
232
263
246
220
206
243
222
276
242
239
229
249
260
220
256
233
261
264
231
224
256
262
226
208
254
235
234
229
271
202
253
209
210
279
244
239
221
236
221
269
226
255
218
243
266
206
226
256
218
289
243
248
227
213
239
292
236
236
275
249
228
250
286
285
235
235
201
217
228
287
216
262
232
232
231
213
267
248
226
247
246
224
255
269
209
266
236
243
216
229
236
227
277
222
247
274
245
235
239
190
243
240
202
273
237
241
241
227
217
253
214
247
257
233
220
281
207
284
261
286
250
227
223
220
247
220
272
228
252
240
274
211
212
275
238
