102
104
111
109
90
99
89
100
88
87
114
108
91
87
107
77
102
100
76
89
107
102
105
103
103
89
110
107
100
93
107
116
125
104
110
116
89
67
80
101
65
114
96
90
75
113
112
94
108
105
96
114
94
106
96
93
82
72
98
97
82
85
115
124
88
101
117
100
100
99
107
102
92
122
104
112
101
108
93
98
85
96
104
110
95
119
85
92
95
97
114
104
103
94
88
97
84
93
104
95
100
101
87
95
99
113
97
100
82
113
97
106
89
114
100
90
98
88
98
93
78
100
86
98
92
87
106
86
83
119
89
112
105
103
107
124
105
78
83
97
105
97
108
100
78
78
95
99
102
105
98
104
102
75
107
101
88
89
109
100
74
76
96
106
101
110
99
107
111
103
96
94
98
93
98
85
90
82
89
92
123
81
99
98
89
124
89
113
93
101
104
98
112
109
97
103
88
102
74
95
105
95
111
99
95
109
130
92
98
103
116
84
107
103
80
97
89
98
110
83
107
96
118
92
113
79
95
96
106
95
89
103
100
94
113
94
113
89
84
97
96
96
91
109
75
77
95
114
113
90
91
101
97
103
87
107
110
87
93
120
100
103
75
104
100
99
97
90
105
110
96
91
103
91
87
96
106
122
114
124
102
78
88
108
66
104
83
102
98
110
81
106
98
104
86
105
89
105
102
105
106
105
99
104
94
104
96
117
112
90
80
81
86
102
96
102
81
113
96
99
99
89
108
99
94
85
108
103
108
93
98
112
115
90
104
84
99
91
76
103
102
97
112
105
99
99
88
98
106
100
96
116
89
91
102
95
98
104
89
89
76
102
88
80
101
70
85
89
100
91
106
97
97
93
96
72
99
71
102
110
103
102
89
94
93
81
93
103
84
95
104
101
101
100
98
103
79
96
80
103
118
91
90
91
90
114
114
97
111
95
87
94
95
106
90
97
94
83
82
105
68
97
87
100
110
95
99
98
115
113
82
114
110
73
97
73
102
98
119
88
92
90
104
107
83
119
93
68
103
103
84
104
108
101
78
103
77
89
87
74
92
98
90
88
94
96
126
104
104
113
100
102
75
99
88
104
113
94
80
85
105
97
98
110
115
118
90
89
89
80
100
113
87
104
95
119
103
84
103
115
