279
281
329
332
332
272
251
286
295
285
312
305
214
278
228
253
309
306
288
251
277
286
289
293
228
300
288
301
250
319
327
313
247
270
262
271
294
230
281
242
272
268
295
272
301
270
252
256
280
297
313
283
266
268
291
287
255
282
241
302
301
282
268
290
299
311
317
300
294
298
288
282
290
263
302
301
335
263
308
346
300
299
332
301
260
280
282
317
283
315
279
240
329
344
262
285
312
282
247
290
291
282
236
281
278
271
318
327
251
288
277
257
281
247
276
283
311
271
259
266
282
284
251
290
288
318
290
290
270
280
295
239
308
276
304
261
259
294
288
323
280
257
265
324
283
246
316
265
306
306
300
292
276
295
269
318
249
250
277
271
315
280
285
295
274
277
266
263
291
265
314
295
286
283
310
310
309
284
272
268
266
265
287
273
337
308
250
274
322
282
308
202
261
246
301
231
272
289
301
332
281
253
268
272
269
286
261
334
288
253
296
275
279
254
221
280
293
318
304
311
274
268
314
309
274
267
276
271
301
276
292
276
251
359
291
253
289
241
312
254
320
366
262
279
271
352
245
320
332
270
255
262
279
339
322
238
293
283
281
239
343
322
279
247
272
272
257
306
321
261
239
254
322
265
242
265
277
261
250
246
277
217
259
273
248
283
305
238
266
280
261
246
242
301
342
303
280
274
292
268
290
276
289
282
273
273
232
276
251
262
256
277
268
255
305
291
303
279
253
284
294
335
279
278
304
236
317
303
283
261
242
300
284
261
261
286
251
329
275
297
255
299
272
262
298
269
256
280
255
284
251
291
284
286
278
237
302
284
326
297
306
329
262
260
251
283
265
283
295
313
312
223
282
285
258
347
272
270
267
310
306
298
257
343
272
260
318
282
312
269
246
260
277
276
301
310
323
263
294
256
280
266
264
228
306
296
242
284
310
273
298
307
312
285
249
266
231
263
306
310
268
290
282
280
253
277
253
275
293
280
282
275
287
284
270
240
358
298
271
270
276
269
275
259
247
277
279
260
329
254
277
265
251
268
271
293
272
317
247
307
299
257
310
266
302
235
279
345
255
299
329
300
266
317
273
255
278
277
264
245
282
280
308
283
236
249
313
262
262
282
348
282
291
261
311
279
319
281
275
288
