263
369
331
340
358
279
271
341
331
345
325
326
298
401
269
319
322
357
316
292
323
256
275
257
283
290
242
264
303
348
307
345
258
317
334
382
296
317
401
337
244
267
326
398
372
285
333
288
314
314
298
304
288
261
303
321
297
351
233
333
301
336
361
322
303
308
319
309
315
304
260
287
209
346
338
316
310
323
313
309
304
287
330
339
297
335
322
372
320
342
290
270
322
315
306
352
299
297
333
301
217
261
371
284
286
337
276
271
325
257
298
291
271
307
275
251
256
301
302
330
354
323
331
247
298
275
341
259
276
334
326
323
248
300
287
334
286
302
340
241
342
360
283
304
282
290
313
268
366
341
269
339
299
244
271
258
264
289
332
351
295
326
329
383
333
291
310
302
324
325
286
330
301
252
341
293
234
407
383
311
293
306
274
264
337
366
295
331
368
306
265
298
296
341
253
317
321
338
300
254
330
283
287
353
285
261
270
365
346
351
229
282
325
297
311
308
318
327
280
331
239
281
275
320
301
306
341
315
267
292
336
319
319
289
296
256
332
299
352
315
295
286
269
331
320
291
274
341
246
285
304
316
310
255
285
289
343
269
343
261
293
304
315
351
241
220
305
272
289
249
269
281
414
303
315
261
363
344
324
301
291
317
342
304
344
304
364
303
330
331
293
313
342
343
332
252
277
333
287
287
324
388
250
284
289
304
291
378
340
310
250
318
320
312
295
292
331
321
242
292
305
318
337
261
287
280
294
332
297
364
295
349
341
372
241
297
401
325
285
411
252
353
342
345
316
350
258
343
278
238
373
305
320
290
291
299
334
218
381
335
284
359
242
319
273
303
313
287
340
345
304
301
267
313
292
274
262
323
307
278
319
292
237
273
296
338
354
283
379
288
351
347
325
266
342
300
296
352
286
293
314
397
337
294
385
290
270
355
267
299
341
325
293
281
286
258
295
303
301
268
355
288
318
286
292
308
400
344
297
306
228
310
271
313
284
216
316
328
315
364
348
349
298
325
237
311
358
333
391
299
293
283
338
338
334
346
372
333
268
324
300
306
257
335
275
243
255
338
432
294
338
311
312
274
233
360
316
342
324
341
306
244
269
316
376
353
295
361
289
289
375
328
253
345
307
336
305
335
280
276
