492
374
379
398
372
392
432
439
444
318
446
390
415
386
523
418
427
462
465
409
490
354
425
413
468
459
336
417
408
466
429
435
400
358
403
349
491
445
417
414
420
439
361
428
393
379
368
373
477
406
385
361
445
424
414
387
423
403
333
465
456
429
466
485
452
458
430
428
384
414
405
507
362
416
352
427
395
370
381
371
424
438
470
352
436
442
324
394
389
384
405
353
390
457
442
403
420
299
414
386
419
354
479
456
401
498
369
476
366
480
394
429
428
424
398
440
383
473
409
454
440
372
472
431
417
477
460
378
500
518
413
489
376
426
422
458
403
415
346
392
433
409
323
383
470
362
384
442
449
420
374
399
401
463
402
346
484
509
381
386
419
370
439
383
368
405
504
526
431
394
423
432
348
404
443
396
307
401
488
486
363
392
352
347
384
447
407
344
369
376
385
394
480
366
426
414
449
337
370
422
334
480
429
394
415
388
484
372
454
362
426
405
383
397
406
441
364
414
370
365
360
402
436
366
334
382
398
359
494
478
416
390
474
413
471
461
433
365
363
426
415
348
416
436
454
387
413
428
357
410
417
310
412
404
355
446
412
527
413
401
410
418
339
357
491
397
367
440
408
364
433
396
363
362
417
455
409
469
379
361
461
452
455
418
521
333
391
443
497
416
411
368
399
401
431
497
464
363
319
409
254
417
467
422
458
350
484
426
358
385
441
467
460
393
430
476
384
482
389
443
326
368
378
456
426
390
378
420
494
385
488
434
418
419
393
439
374
431
382
413
423
436
406
435
411
449
359
380
376
408
454
423
381
442
472
415
390
391
352
466
448
356
406
352
473
426
419
407
478
392
492
388
479
409
293
378
429
400
375
403
415
414
490
393
347
434
378
352
445
491
303
392
427
471
412
392
417
349
475
456
371
433
425
386
402
412
423
378
359
449
429
409
388
428
382
342
350
381
344
442
397
420
373
392
401
436
450
432
418
379
448
326
449
435
455
452
386
372
416
434
450
439
334
382
433
432
443
438
441
391
370
447
410
398
433
390
428
404
450
406
397
473
386
349
481
364
443
455
449
401
458
433
433
384
410
429
405
420
410
409
421
355
413
360
418
461
382
384
463
380
434
423
437
445
454
345
386
396
428
508
