280
315
283
276
259
260
355
273
317
245
311
287
336
287
279
281
295
277
315
294
324
264
250
292
252
285
251
256
285
193
298
294
246
236
285
245
266
257
275
213
233
317
232
249
256
321
312
303
295
266
275
259
280
221
309
350
250
301
330
310
340
303
280
305
211
323
228
302
256
279
268
303
248
287
285
252
230
257
292
291
315
297
243
332
354
264
339
277
246
259
331
292
287
257
277
281
259
256
267
274
379
291
291
333
284
194
248
247
264
302
205
265
215
240
236
316
290
332
258
270
237
295
328
327
312
296
241
288
255
272
288
305
270
293
242
308
307
312
257
316
281
296
245
284
257
296
269
272
274
294
227
245
306
309
337
258
237
265
302
312
302
265
309
271
276
256
267
283
294
314
302
295
303
306
263
245
268
287
214
283
277
313
302
239
320
309
237
289
250
269
284
303
254
263
238
276
283
334
319
267
290
219
335
294
243
282
318
261
359
269
253
291
313
294
265
286
369
335
314
309
274
284
303
274
297
305
289
275
328
281
257
292
240
244
364
294
318
296
251
286
308
271
289
282
262
318
246
260
263
337
316
292
333
239
281
271
207
270
339
261
299
278
269
230
278
261
230
302
308
257
301
253
252
315
248
291
286
275
244
294
301
269
319
316
320
321
261
251
305
214
267
266
270
325
271
280
260
248
256
308
280
269
283
331
164
231
301
290
332
281
239
242
263
237
296
291
258
310
267
236
234
283
305
276
306
284
331
250
187
231
305
196
217
228
326
305
306
270
268
305
246
316
303
247
265
266
276
294
271
273
240
291
249
323
309
264
316
329
302
255
256
309
225
263
298
286
339
337
258
253
322
344
324
256
237
314
262
363
227
202
264
274
312
267
339
295
292
309
316
282
226
285
256
276
251
282
326
302
264
256
246
267
254
237
208
308
335
255
301
308
298
259
291
244
312
262
279
237
269
276
265
257
301
249
287
233
351
264
248
322
286
270
248
302
286
286
234
303
297
296
250
316
273
294
256
224
247
340
256
301
275
244
286
315
235
305
286
294
313
273
269
306
290
247
271
301
306
313
332
274
263
294
285
259
246
253
289
282
286
325
289
287
293
205
284
292
223
299
246
322
290
269
240
290
340
278
273
296
277
294
