150
182
148
194
146
211
175
144
139
198
151
149
130
183
122
187
143
128
201
148
163
144
137
140
156
150
191
141
167
136
182
166
120
160
137
140
169
147
155
152
177
151
143
126
178
189
96
126
203
120
161
157
143
171
193
136
135
130
145
184
202
159
136
161
112
168
112
180
172
137
146
129
160
160
136
120
145
170
137
136
145
111
147
177
136
174
125
137
147
208
141
105
166
127
142
156
149
202
174
172
114
136
157
144
168
132
139
101
128
192
111
160
161
149
184
182
150
129
127
143
165
174
147
166
142
160
148
208
151
172
153
130
108
169
153
166
155
135
122
143
162
141
154
140
148
153
134
214
141
152
175
162
169
148
197
116
112
161
141
152
180
143
187
135
181
167
101
135
118
169
143
124
168
181
206
134
176
149
168
143
180
151
194
177
183
182
138
119
180
150
190
129
107
160
149
190
160
152
195
143
155
128
155
133
126
160
164
183
177
110
152
196
145
183
137
134
153
155
163
129
171
154
139
130
192
169
169
119
155
117
133
137
135
172
126
136
145
104
166
132
169
148
188
135
156
144
168
105
165
155
118
123
168
153
124
143
166
117
166
191
150
151
126
133
168
148
134
159
178
161
144
187
116
157
128
160
144
137
171
140
200
113
185
155
129
131
169
169
137
144
132
146
166
144
154
165
157
161
158
191
200
168
148
165
177
112
163
143
129
133
127
138
213
149
177
153
164
146
135
197
176
179
142
156
150
143
168
195
126
150
184
131
159
168
159
159
153
183
166
170
162
107
115
155
140
183
98
155
190
131
182
174
190
127
139
143
156
138
133
145
176
166
122
156
137
132
185
182
175
118
128
139
135
146
155
186
178
156
132
144
144
168
145
134
170
147
215
139
154
123
157
125
131
142
147
147
190
151
145
154
157
138
171
132
143
158
165
137
124
175
166
158
144
140
110
178
153
171
145
186
131
151
139
155
166
136
96
146
146
190
112
186
177
177
141
115
143
143
150
181
130
173
160
158
140
156
139
134
195
158
137
162
171
175
159
130
137
140
144
171
158
144
195
140
142
162
168
164
110
168
166
159
177
154
161
188
166
177
159
149
147
135
172
152
160
189
113
172
193
159
151
150
164
159
188
111
130
154
156
190
