401
332
401
368
378
347
380
338
322
267
303
481
344
343
387
331
353
301
364
278
302
445
422
399
379
340
260
370
356
360
351
300
423
361
334
433
427
373
292
379
299
369
295
331
300
331
405
249
342
316
373
270
316
405
329
282
427
347
444
363
355
343
299
310
357
458
258
392
362
329
424
326
307
321
420
372
359
356
329
435
349
313
309
283
374
292
267
343
345
318
370
326
346
330
404
312
335
360
334
327
411
376
400
388
267
437
350
301
312
395
407
355
358
270
183
386
476
347
439
398
402
372
345
362
398
318
385
378
427
351
355
294
370
454
380
330
383
297
447
431
347
335
400
370
449
502
313
372
297
434
371
362
341
388
410
315
305
419
294
244
335
399
264
397
336
366
311
386
353
341
263
360
336
335
377
347
402
316
311
369
429
290
357
424
412
281
402
309
375
404
363
364
415
341
411
353
400
337
339
424
268
341
444
310
268
326
296
321
398
340
331
341
353
324
358
379
343
335
316
345
420
285
446
258
358
356
392
397
352
418
349
326
291
420
306
326
410
405
326
446
316
357
339
360
301
395
389
356
335
359
310
382
322
338
322
369
362
362
339
343
311
334
327
343
312
350
379
215
386
439
366
384
358
235
383
394
368
359
302
308
315
354
424
370
348
393
370
358
378
399
322
469
376
309
299
331
262
471
272
375
320
364
405
410
415
389
364
328
354
389
382
399
362
293
353
364
423
373
340
358
256
387
418
278
298
348
420
454
350
365
356
357
363
411
364
291
453
275
316
313
484
389
380
367
361
344
337
321
339
384
270
373
353
388
383
385
376
416
415
269
424
320
312
242
429
361
388
358
446
385
337
337
339
434
344
342
372
310
286
361
304
347
285
361
323
443
329
363
420
376
367
346
401
328
332
351
403
418
291
401
345
334
291
342
324
355
366
442
361
384
432
350
342
443
279
284
342
352
333
349
274
335
412
306
337
278
347
305
284
315
418
380
396
311
415
358
317
339
284
342
315
356
266
365
393
356
334
396
417
358
423
280
418
360
382
335
329
343
211
334
358
356
396
412
364
433
387
403
404
315
368
308
310
325
331
351
433
403
400
388
385
408
386
409
350
338
349
296
348
291
386
329
306
324
352
351
389
389
277
356
