153
163
129
132
152
155
148
156
139
161
154
135
166
136
136
141
167
146
175
147
142
96
141
159
175
152
155
175
183
144
162
171
157
134
159
132
137
163
178
154
142
158
141
151
153
210
160
123
179
149
108
179
173
158
122
164
158
163
172
129
161
152
163
149
164
150
178
148
129
144
165
166
200
182
171
136
152
163
179
173
146
127
165
129
171
142
136
144
181
160
133
131
156
161
140
149
161
143
154
168
176
146
129
165
176
155
122
160
152
161
145
161
152
156
170
142
140
147
154
180
145
153
195
169
163
172
192
140
150
145
149
155
144
117
174
150
133
158
153
171
154
132
148
117
169
154
174
128
165
153
163
158
157
171
124
151
151
173
194
114
173
143
179
196
145
144
157
157
152
148
179
152
173
136
156
146
174
181
128
182
141
182
126
161
148
160
167
185
168
120
152
150
154
151
143
150
149
123
150
168
158
136
183
164
145
152
147
124
130
162
140
162
137
165
151
131
152
169
170
157
136
134
139
155
175
172
181
153
164
171
184
169
172
168
183
137
135
163
169
143
161
176
167
147
164
169
147
164
159
183
125
159
123
142
113
148
194
156
164
155
118
149
144
132
164
187
186
150
144
126
178
154
142
186
116
167
177
170
150
164
133
173
129
144
151
157
146
178
203
159
122
144
132
173
183
161
164
154
125
163
139
158
132
163
127
149
138
144
143
187
161
163
155
160
130
168
164
153
110
123
134
166
156
173
162
116
167
118
138
175
144
131
170
108
134
150
146
119
171
98
149
183
128
160
150
136
97
170
156
189
166
178
197
140
160
116
157
164
181
166
151
159
141
160
165
144
134
111
130
192
182
181
198
168
160
171
134
170
133
131
165
199
186
144
146
139
124
176
156
161
136
149
139
162
138
144
152
179
125
146
138
182
183
145
156
169
140
164
174
162
140
173
138
189
156
135
135
165
130
145
168
129
148
167
165
139
121
147
161
141
131
154
176
161
164
153
147
139
158
162
192
117
153
134
134
147
124
186
149
175
182
118
137
142
172
139
145
138
170
159
156
133
170
140
150
169
166
171
156
141
143
150
155
167
150
145
192
169
142
130
158
156
176
128
165
220
143
144
151
165
170
142
137
174
170
164
137
156
167
150
