238
267
280
222
231
268
196
211
188
219
181
158
280
243
191
199
250
213
260
254
277
256
258
250
196
229
280
170
202
318
209
203
285
184
246
215
215
187
267
287
241
158
235
246
217
309
242
255
249
283
229
218
313
193
219
203
202
254
300
217
336
225
231
261
175
251
261
180
228
221
225
175
232
219
279
286
205
241
173
343
247
241
217
253
276
208
268
235
184
215
243
291
202
246
157
243
285
177
237
213
308
289
291
245
254
215
219
181
239
198
224
210
216
234
216
214
190
244
249
253
260
215
195
172
243
213
248
193
230
285
253
211
235
218
239
330
261
323
342
254
227
229
186
224
330
285
242
303
269
226
252
264
221
227
176
204
210
219
284
202
204
221
215
239
255
251
237
285
300
295
218
330
213
209
271
164
255
259
262
242
265
300
293
251
245
257
179
222
253
316
169
146
260
201
258
279
272
225
213
181
199
219
266
311
260
177
304
212
204
271
193
160
224
213
261
243
209
206
277
148
266
216
249
267
248
251
164
232
298
178
283
236
238
347
197
271
255
201
264
215
280
259
313
283
202
305
195
282
287
263
273
312
232
279
239
204
262
213
256
220
254
252
180
261
244
166
174
158
248
259
225
258
245
206
232
241
204
253
293
203
311
259
289
219
187
191
255
183
213
233
293
214
181
237
259
217
259
193
229
244
295
278
283
191
286
203
255
268
266
207
221
206
229
245
197
272
143
229
246
199
194
171
181
298
201
263
237
231
187
321
330
272
179
265
251
256
224
255
179
200
246
259
255
351
256
203
236
271
259
265
332
230
204
266
234
203
297
277
230
199
295
303
322
229
258
175
231
236
282
261
162
265
202
227
221
270
245
241
314
254
215
307
292
329
210
271
295
243
164
329
198
151
234
236
237
241
289
285
253
254
251
281
202
277
178
272
199
294
174
276
278
287
204
261
245
213
234
225
304
129
218
189
262
204
233
223
171
223
185
303
246
313
335
261
170
204
229
267
283
278
176
207
215
188
190
243
189
233
231
216
185
218
237
243
174
233
179
245
246
201
298
147
199
260
253
206
226
174
201
236
161
220
277
178
309
270
213
252
196
170
216
313
261
319
291
267
245
229
237
210
185
228
275
206
214
230
208
214
247
301
