271
345
262
281
255
257
257
245
245
233
294
250
293
244
292
251
295
224
229
261
281
283
253
299
228
252
259
226
198
257
216
246
264
314
190
244
267
235
260
268
271
278
255
257
271
264
254
285
255
216
241
257
212
257
304
270
223
261
228
286
266
304
267
244
256
298
206
233
266
252
276
239
278
247
245
204
212
242
326
268
266
243
241
254
184
217
222
222
255
237
267
234
288
238
235
265
293
248
276
316
262
251
271
266
309
279
246
274
238
260
202
276
244
227
239
257
211
271
254
261
237
279
261
247
294
236
214
273
254
218
235
306
274
300
314
295
279
284
251
225
236
233
280
291
243
293
261
256
306
247
294
219
211
235
261
236
259
236
258
202
234
240
267
231
228
228
261
272
250
282
197
215
235
271
224
244
265
267
278
285
237
241
305
296
238
292
228
244
239
287
219
233
229
245
219
284
225
213
252
283
280
256
284
206
266
259
254
263
284
249
302
276
279
251
245
271
228
277
211
227
275
246
254
263
263
263
256
265
193
227
223
268
235
279
257
284
267
260
301
196
257
271
297
248
231
239
281
283
275
264
219
255
254
287
252
242
252
281
281
248
259
216
267
214
274
284
350
345
263
268
226
318
292
254
255
300
312
264
244
306
286
340
265
284
262
225
267
304
270
238
211
257
276
309
267
271
280
283
294
266
272
318
239
248
347
305
253
272
303
244
266
238
241
197
228
248
274
322
236
287
283
224
314
259
287
239
262
243
255
257
217
250
271
231
211
298
250
254
260
238
249
256
285
298
274
255
293
201
234
226
284
298
243
262
216
244
237
228
284
246
183
245
239
255
262
289
305
241
260
237
307
303
258
228
279
249
295
259
253
251
263
263
281
297
307
260
263
256
235
234
251
238
295
241
279
225
312
275
253
267
254
284
295
272
315
258
271
268
237
259
299
291
257
267
263
313
242
261
268
261
229
278
264
245
245
263
269
285
247
255
236
247
263
229
235
287
273
225
220
211
266
312
286
285
266
267
225
272
265
216
259
292
273
280
295
252
299
269
282
280
281
254
256
248
284
293
273
248
276
242
269
293
226
269
267
242
249
230
239
250
207
287
232
291
261
236
235
237
246
287
291
274
259
311
229
294
249
241
232
291
