388
437
443
494
462
477
503
438
469
388
385
543
471
429
511
453
452
525
480
495
386
349
537
430
472
405
422
427
451
438
404
479
508
492
515
435
523
517
455
436
435
436
420
417
496
412
488
432
464
373
495
469
429
401
458
450
462
415
393
436
522
403
382
549
444
557
427
486
436
379
466
479
358
448
532
492
466
518
470
422
523
479
447
461
515
467
466
495
477
496
396
451
423
512
488
464
569
469
443
458
494
458
483
445
486
482
497
471
465
436
535
446
464
395
436
442
410
373
421
448
509
423
445
403
385
522
459
458
433
424
473
413
494
433
396
405
430
466
442
446
456
467
484
384
520
433
454
519
361
475
509
465
494
545
472
458
471
559
530
462
497
436
419
492
462
502
477
491
482
465
430
475
445
463
470
439
484
461
499
440
474
530
520
507
450
425
509
403
462
459
410
486
516
442
496
485
456
415
425
424
433
360
472
439
462
449
462
427
516
372
447
376
410
435
444
467
417
450
385
453
454
417
466
421
449
480
419
499
514
472
463
470
460
353
484
428
491
402
420
468
440
421
415
474
490
493
459
379
481
489
460
429
436
487
515
465
510
450
429
510
385
325
471
496
530
359
504
507
525
436
499
446
475
490
361
439
422
491
493
462
406
481
505
482
441
347
465
516
449
535
460
419
520
494
481
502
491
479
485
454
379
491
374
523
383
512
488
475
452
390
445
497
448
429
432
436
412
433
441
420
510
455
540
492
403
402
466
428
526
449
453
468
390
454
491
494
527
347
494
412
430
463
508
407
408
411
482
497
438
446
465
395
442
514
435
499
428
446
473
437
425
482
507
407
444
558
395
375
414
516
458
498
506
375
523
510
454
470
505
551
431
550
546
488
469
408
435
509
469
462
434
503
415
349
516
360
458
442
431
444
463
548
448
473
524
418
397
429
441
511
461
434
493
544
457
488
433
471
369
511
467
472
437
478
394
442
488
511
495
401
447
377
478
507
508
420
455
386
489
455
430
461
436
408
443
441
451
507
367
347
433
413
484
436
426
557
481
472
385
475
426
486
605
506
449
491
461
478
459
529
486
541
469
495
401
531
514
427
485
485
478
531
472
413
505
484
436
456
485
420
538
448
495
500
425
407
486
471
403
491
