194
177
154
200
143
143
148
186
131
164
152
145
176
130
156
133
191
135
149
131
177
129
141
201
143
193
145
150
119
132
168
163
175
196
116
165
153
195
128
174
171
167
166
155
171
194
190
165
167
138
143
183
157
170
186
176
156
158
165
164
179
124
173
170
142
175
164
172
149
177
184
188
143
188
136
172
169
184
168
195
199
174
160
177
187
123
172
177
132
153
149
175
184
152
178
169
184
144
157
189
135
147
148
168
168
179
176
154
138
188
186
174
137
156
121
149
178
150
178
202
160
176
155
148
237
144
158
151
170
172
183
186
125
149
157
160
175
152
177
189
170
184
151
173
154
163
173
160
184
179
201
150
159
194
165
155
187
135
184
149
180
193
221
117
184
125
183
145
182
174
186
151
172
168
169
201
149
153
193
152
190
160
149
179
138
180
168
174
114
171
175
140
156
183
151
186
191
127
188
136
222
123
108
180
154
190
160
124
179
152
145
147
183
153
137
159
173
161
174
165
132
154
158
150
151
189
172
153
212
157
171
188
183
128
162
148
183
172
162
195
165
161
158
132
164
176
143
125
150
136
197
186
162
154
178
155
146
175
147
153
108
175
158
144
164
155
135
185
146
163
161
185
141
179
151
134
190
190
171
201
156
156
175
146
147
153
175
169
170
170
164
185
101
174
147
182
185
169
160
151
136
143
126
184
165
135
156
160
158
147
156
141
139
208
119
200
145
149
169
155
126
166
165
176
208
185
148
206
159
168
146
149
157
180
137
162
153
149
191
184
187
164
181
140
161
156
149
164
178
181
185
203
188
139
140
149
164
197
170
148
174
137
153
136
138
175
132
166
170
177
145
137
182
158
124
154
199
180
130
150
141
166
175
165
195
184
195
169
173
153
128
206
170
161
165
169
163
162
151
165
176
138
161
174
137
184
166
142
164
164
151
138
169
148
155
153
152
179
207
143
162
148
151
161
162
153
181
170
166
154
157
126
123
158
145
138
184
171
163
148
200
204
130
143
172
219
162
165
163
173
146
206
133
155
190
178
129
172
167
150
165
179
144
126
103
134
190
195
149
154
165
157
140
163
142
128
159
139
147
147
172
144
175
144
174
154
218
141
181
149
147
137
121
171
184
148
155
134
160
129
