358
366
268
296
335
298
383
359
327
341
324
304
333
270
338
287
384
301
402
273
350
359
355
331
358
282
287
335
328
310
215
295
355
305
323
375
265
338
398
326
274
396
378
348
306
355
340
340
312
304
356
311
382
278
469
349
324
396
353
370
346
380
425
404
333
329
308
380
382
347
451
396
349
321
333
310
304
284
331
342
356
340
295
309
280
266
252
385
338
300
325
334
321
304
360
377
327
297
311
334
349
394
303
255
368
367
314
318
329
318
432
377
352
223
334
396
297
392
357
342
331
324
333
422
335
271
331
361
283
383
322
376
356
296
331
380
394
267
347
367
268
262
338
244
397
346
289
278
325
296
381
315
404
308
329
316
377
338
364
391
329
335
361
299
324
335
300
350
355
359
323
312
293
333
341
408
323
359
349
380
330
348
328
400
357
268
361
299
342
335
332
325
288
355
404
289
385
307
365
335
297
353
358
305
324
408
326
339
326
316
357
345
357
265
323
344
415
310
306
380
376
319
360
306
336
322
374
321
318
340
350
311
333
331
339
345
340
311
325
334
291
375
408
333
274
332
396
299
300
342
287
326
331
364
348
317
245
333
428
365
292
293
372
349
354
344
408
280
327
258
313
266
336
354
304
358
376
281
300
372
410
273
301
379
340
349
411
316
355
410
402
332
317
309
360
322
324
350
314
262
374
264
268
427
288
351
313
352
440
375
290
261
415
376
311
344
356
285
328
293
326
238
344
350
350
234
345
310
304
227
408
379
308
312
348
342
300
322
328
260
324
375
335
316
288
406
340
339
371
359
341
261
333
342
306
284
385
372
330
384
313
330
357
364
299
320
315
326
290
316
348
250
293
267
334
311
327
342
362
439
455
329
370
305
342
311
348
368
322
311
408
362
362
290
306
290
343
339
334
310
365
305
302
319
368
361
402
315
330
341
319
350
288
428
392
347
346
343
400
416
289
374
406
339
370
302
387
347
316
361
279
300
334
416
364
305
271
330
349
313
407
273
412
293
377
277
326
359
358
276
230
306
385
386
368
380
275
379
334
341
331
323
328
353
358
330
376
335
308
266
398
327
331
303
298
279
378
414
422
355
364
280
402
381
306
314
325
313
272
306
321
364
372
363
325
373
319
330
415
330
