411
314
413
370
322
247
275
368
331
325
283
310
310
329
389
229
388
304
305
410
365
305
280
307
455
301
312
381
306
400
303
390
405
335
410
376
319
339
407
290
328
270
347
242
348
371
371
300
332
335
299
362
293
302
351
337
279
328
207
380
398
252
379
372
289
287
461
317
300
416
339
261
365
349
306
306
292
294
338
419
398
282
365
357
369
345
333
333
304
383
329
398
334
285
444
322
361
327
381
327
292
322
308
315
362
306
331
382
307
370
309
296
297
386
303
280
383
463
288
354
287
316
301
336
343
312
326
343
367
313
284
379
407
310
338
287
365
398
426
333
317
346
318
353
310
346
268
320
230
311
384
365
344
358
471
340
360
370
324
319
307
364
349
306
334
333
373
377
408
361
354
392
364
434
257
354
303
337
325
362
397
312
353
292
362
431
343
298
272
358
275
370
343
385
360
308
340
359
290
403
325
357
245
335
306
344
283
337
340
286
350
279
259
233
251
325
296
355
396
329
312
289
345
389
391
390
292
386
324
309
331
326
373
307
331
330
323
345
356
274
302
375
345
321
301
385
367
290
327
323
407
312
352
395
357
381
316
300
280
414
330
347
367
333
255
427
231
341
301
244
317
413
262
385
267
352
360
367
388
332
284
338
372
385
423
260
403
368
302
372
376
323
414
370
363
309
300
359
353
357
333
405
288
294
354
314
346
337
281
338
393
266
195
272
345
393
377
309
304
406
290
220
235
391
356
336
271
318
236
296
371
221
275
310
377
341
336
337
336
285
326
366
364
339
330
353
420
327
344
332
362
344
349
332
331
397
335
326
419
286
342
362
359
288
259
378
238
397
311
428
336
361
392
295
335
334
345
349
318
370
368
302
412
319
317
400
388
365
338
375
267
343
336
299
332
288
386
361
325
348
345
307
340
421
408
311
315
304
313
368
281
370
331
400
276
340
406
330
326
326
422
348
323
340
289
400
344
376
368
374
352
373
296
304
194
309
275
308
314
333
354
352
317
341
358
331
305
234
357
339
347
323
351
314
334
306
354
423
362
365
295
259
315
290
336
361
341
341
326
371
257
356
258
318
417
297
420
432
326
376
296
416
344
312
374
314
335
278
280
389
305
348
382
380
272
378
369
383
375
414
