508
568
590
614
521
548
547
570
573
474
508
517
397
556
543
547
494
533
562
506
548
512
484
561
506
507
550
526
625
601
468
516
569
525
518
591
473
630
521
507
476
574
418
500
500
534
486
413
520
559
490
563
503
550
471
509
548
556
538
534
578
529
594
501
529
572
510
537
601
520
585
576
555
539
506
497
549
513
491
547
509
526
499
460
499
589
503
523
467
526
502
546
597
583
532
577
492
534
533
500
611
379
533
523
546
581
548
472
491
552
479
483
481
528
480
441
457
529
508
499
452
588
563
483
478
469
564
534
584
521
546
467
551
480
506
563
546
518
552
538
562
461
516
575
418
501
513
583
607
573
551
522
516
530
482
473
527
561
471
449
543
530
627
518
489
582
563
590
514
538
516
517
469
502
583
539
540
489
515
510
502
491
551
557
549
588
534
526
537
525
548
533
524
487
553
533
551
564
557
513
459
531
571
455
476
594
532
536
504
543
567
538
551
591
474
529
581
556
486
558
520
543
539
506
593
613
541
494
417
562
533
502
541
553
527
539
485
578
521
521
522
540
551
508
635
585
583
525
471
546
412
605
635
576
516
558
544
575
489
592
535
505
415
491
543
604
454
531
592
608
648
525
486
558
530
513
575
567
505
585
498
519
553
417
461
503
517
539
522
471
525
517
526
550
503
485
496
580
451
565
492
448
470
506
511
525
518
527
453
534
521
508
508
524
466
542
457
556
492
510
471
514
522
530
567
584
517
580
581
581
620
544
512
543
551
599
510
551
532
520
550
462
553
565
446
557
412
544
532
505
528
534
526
536
513
478
516
543
553
565
560
555
496
536
624
499
465
525
483
522
589
526
566
552
525
580
522
546
580
548
543
541
546
563
487
538
457
594
615
533
520
473
516
476
607
517
476
439
508
482
512
521
553
544
527
484
520
566
562
506
446
474
507
590
611
524
522
523
550
570
536
498
562
554
524
547
566
549
553
542
477
466
568
488
446
518
499
500
541
541
542
543
412
442
508
505
540
515
551
554
545
531
523
462
640
543
557
525
492
565
536
570
562
498
547
494
534
501
579
498
500
546
449
471
538
464
552
490
520
427
511
586
560
547
524
564
548
508
604
547
500
509
472
536
502
495
499
472
473
479
