197
213
188
232
216
193
235
196
244
213
236
211
197
227
164
182
219
246
204
171
144
216
188
169
192
185
198
152
148
191
220
154
218
127
205
162
184
188
218
240
197
156
214
201
215
240
257
169
213
145
197
205
207
218
197
141
222
205
170
127
190
204
192
209
244
130
187
247
238
212
188
194
230
165
181
212
248
220
162
106
196
186
252
225
235
229
248
195
209
218
170
160
158
223
171
207
191
228
216
214
169
187
159
215
199
171
218
157
219
111
176
180
240
196
239
173
219
198
204
190
245
273
137
226
182
267
195
206
151
213
237
217
181
220
191
241
257
252
189
230
217
235
175
187
231
224
148
186
167
212
201
152
195
204
164
191
235
149
191
194
227
195
183
166
177
181
198
186
203
204
196
162
236
197
164
164
262
178
180
231
224
225
185
197
205
182
259
234
200
153
196
175
236
173
215
213
182
275
192
200
173
236
161
194
204
195
224
194
202
195
191
229
152
205
238
205
148
193
223
170
170
180
179
197
193
143
215
239
187
217
150
151
195
167
205
190
202
223
220
189
196
249
221
211
210
196
212
255
189
242
197
219
225
179
213
197
182
226
184
212
185
175
209
210
174
179
161
250
194
184
253
206
179
197
213
198
197
184
187
241
241
273
151
204
236
201
248
230
229
213
236
174
241
187
187
233
204
182
192
195
140
202
242
181
229
210
218
194
238
224
180
184
170
174
207
232
198
246
206
211
178
192
149
218
208
194
148
179
169
224
150
158
227
192
168
206
199
176
146
151
211
213
200
200
155
199
233
174
255
146
184
186
284
171
154
194
257
200
162
216
211
206
242
251
216
236
182
180
238
170
197
214
218
188
235
197
243
251
142
177
229
193
233
192
192
122
208
244
221
130
167
138
208
159
157
177
191
232
173
195
208
255
231
178
197
236
180
202
211
231
214
198
149
192
232
185
209
189
195
215
177
173
233
237
234
178
232
198
200
266
186
204
213
189
228
204
228
218
229
222
213
143
176
203
188
199
152
244
159
172
215
263
214
166
225
172
198
257
300
243
254
178
210
194
164
248
249
168
233
222
221
192
181
216
228
242
204
183
152
259
193
152
261
201
131
204
246
213
242
214
230
266
209
210
179
215
173
179
160
211
