122
144
124
160
135
147
129
120
128
141
127
125
108
149
129
131
104
117
106
100
125
117
116
118
119
102
132
109
96
143
144
148
120
123
118
138
102
117
137
120
115
113
126
146
123
122
126
119
144
125
121
126
131
134
152
107
119
114
154
117
115
113
125
110
125
120
128
90
129
120
157
118
132
141
106
149
133
142
121
134
158
128
129
118
128
115
143
139
104
132
105
97
115
126
125
133
115
132
166
138
130
127
143
124
124
106
137
125
122
131
136
137
139
137
136
112
128
118
153
138
115
130
114
112
133
129
120
135
143
123
137
106
112
125
117
90
136
139
164
123
157
109
127
131
123
118
126
121
130
112
110
151
134
115
128
118
152
115
124
132
135
112
151
113
128
124
114
125
132
130
115
154
128
148
132
143
136
134
143
123
117
101
137
131
135
120
126
130
130
126
136
129
119
149
123
130
98
113
113
141
126
136
145
132
137
112
109
139
92
115
140
125
145
106
128
130
122
114
136
131
121
116
117
141
120
126
145
133
153
113
144
119
142
134
105
121
162
101
125
117
133
139
100
123
134
134
135
128
135
144
123
107
122
120
105
147
80
133
105
126
148
130
105
107
151
138
137
149
128
116
133
118
143
125
111
135
111
113
130
122
128
145
122
115
128
127
139
138
122
132
145
127
125
139
120
134
101
114
121
123
108
138
134
131
148
124
119
117
137
120
117
121
119
115
118
110
104
108
127
129
127
122
126
134
115
135
122
87
127
120
97
122
139
123
122
148
142
125
116
128
149
142
115
126
138
151
117
126
140
142
147
77
134
121
136
115
107
110
135
135
137
121
134
114
130
154
140
127
127
109
138
136
92
126
127
116
113
136
149
138
137
130
136
120
125
133
132
117
99
115
86
136
131
127
119
106
126
128
112
118
129
124
146
142
145
117
126
135
128
117
107
104
142
154
129
128
114
130
126
136
127
147
115
143
128
126
125
134
114
130
140
103
134
145
143
136
109
107
121
149
126
123
118
127
120
118
106
121
130
124
133
148
144
132
137
126
143
114
137
114
127
106
120
131
143
107
129
118
127
137
140
126
129
121
142
122
130
129
136
137
108
151
142
146
134
111
117
129
116
138
139
139
117
123
124
127
104
136
122
136
