203
168
149
183
192
189
217
187
164
139
182
171
178
203
175
162
187
192
183
135
186
195
166
173
191
189
183
193
194
149
175
166
187
157
144
141
176
162
192
195
198
156
147
172
152
161
172
189
165
170
159
199
147
183
162
179
205
181
168
167
193
164
173
158
198
182
122
189
125
176
195
160
160
206
148
174
172
154
170
144
162
181
189
157
202
196
185
189
154
178
136
190
157
199
193
165
166
211
194
156
152
172
187
173
169
208
166
202
169
166
168
185
183
165
153
186
209
196
166
166
169
161
155
168
170
187
155
199
179
183
199
182
170
175
170
163
192
173
158
180
173
169
194
165
187
176
185
208
173
159
157
175
198
153
178
177
170
180
162
148
174
182
176
187
170
176
192
173
167
167
156
153
152
120
207
177
186
152
168
171
185
145
217
187
192
196
159
195
142
180
175
227
195
168
188
158
189
153
119
181
185
199
173
150
175
158
173
157
181
196
198
183
147
180
176
186
152
182
174
172
193
183
195
177
169
168
162
170
159
166
160
180
159
156
175
149
142
170
198
161
186
168
161
200
171
207
159
158
159
136
188
155
197
163
165
160
154
170
212
185
184
165
185
138
181
160
178
168
200
168
195
176
168
142
177
184
180
190
149
170
169
160
153
183
174
187
134
190
179
159
174
206
146
181
189
191
153
173
171
179
147
175
192
201
182
190
165
154
169
169
180
158
180
184
150
192
154
152
160
204
162
173
178
206
152
195
170
162
161
191
171
161
216
153
196
194
177
168
182
169
169
181
209
186
173
172
181
141
179
177
199
158
155
151
180
197
195
196
166
182
205
159
168
169
162
177
158
199
207
193
201
229
165
172
154
175
183
164
177
167
196
182
144
179
193
179
154
165
154
158
168
139
165
139
184
143
172
151
189
165
168
213
207
162
178
162
202
173
186
179
188
155
168
184
180
171
141
170
187
149
195
192
210
164
218
199
174
189
177
151
155
163
169
168
178
165
176
176
186
184
162
162
170
176
180
184
179
167
173
157
158
132
156
199
183
170
163
193
184
178
190
174
174
162
167
191
169
172
196
174
188
176
188
130
182
216
180
191
151
178
165
194
206
174
164
178
185
199
156
145
144
177
173
190
146
176
154
201
189
188
