85
74
78
83
85
76
68
61
97
82
92
81
72
85
73
82
82
63
85
79
92
66
67
91
67
75
80
64
82
77
78
88
82
82
66
81
80
61
71
85
99
69
78
64
87
82
81
71
72
62
71
98
82
64
76
87
80
62
90
69
80
83
70
79
85
87
86
90
69
74
76
87
84
80
87
78
78
77
74
94
102
99
72
76
84
95
76
93
72
92
88
66
67
86
87
81
70
89
84
81
40
87
93
82
81
70
58
89
94
52
69
77
83
72
72
75
89
72
60
110
76
77
89
69
87
101
75
79
103
80
90
91
82
78
99
77
75
75
82
72
89
80
81
73
73
70
63
102
81
89
92
88
88
73
73
84
75
78
82
76
74
95
70
91
85
87
88
85
77
73
83
95
73
78
74
88
80
81
82
77
74
61
90
67
65
74
90
58
77
70
79
86
77
88
95
68
81
91
87
77
76
82
62
58
95
55
65
72
80
72
80
60
76
78
67
66
74
76
98
78
70
69
93
72
81
77
78
79
86
76
86
75
64
77
64
85
93
82
89
74
86
85
82
85
86
75
99
75
89
85
72
57
76
80
85
93
87
97
81
65
62
70
94
69
78
85
95
77
70
79
61
86
68
83
78
70
82
78
84
90
91
76
92
75
68
68
80
60
80
72
76
93
57
65
72
77
66
82
90
72
85
75
68
61
81
77
77
86
87
73
82
86
88
88
87
74
75
90
86
91
49
81
72
77
104
78
82
78
80
77
86
76
67
70
98
70
91
68
72
68
66
93
55
73
76
85
84
77
83
67
69
79
85
69
63
79
84
89
79
89
74
83
97
81
91
89
82
89
77
84
99
73
72
82
68
77
92
92
63
78
93
79
55
75
62
84
71
87
95
66
83
70
68
84
88
92
63
81
89
82
95
90
74
81
53
70
101
77
86
105
81
88
92
85
73
58
65
62
68
85
68
88
84
79
70
73
68
74
91
86
82
59
81
88
70
88
78
77
55
72
105
79
86
67
66
65
89
91
84
60
90
86
85
96
74
69
76
83
62
64
82
62
73
96
70
83
72
84
89
88
75
82
84
74
75
81
76
67
68
74
87
89
86
79
74
83
69
94
84
74
90
61
80
74
88
93
75
81
82
81
