289
351
330
259
290
305
280
251
348
324
268
275
341
328
295
289
290
289
240
316
370
317
272
304
294
324
334
350
242
255
315
329
287
310
321
302
255
256
240
380
228
346
302
334
308
363
308
260
245
315
325
289
248
356
258
259
300
288
278
300
349
253
255
343
256
364
355
317
314
335
272
356
351
243
309
302
300
290
289
277
225
316
305
245
317
284
271
369
304
278
236
297
271
307
308
332
322
347
322
321
309
318
244
346
349
294
219
367
299
348
296
299
394
261
360
291
343
307
233
335
251
238
314
298
339
296
262
313
276
322
311
306
275
296
232
306
289
253
233
313
286
335
311
281
239
284
306
322
311
343
356
290
310
302
283
359
325
282
340
308
332
262
274
330
369
336
278
213
218
342
337
308
266
338
360
275
265
334
331
192
296
221
366
361
368
283
256
256
233
246
325
306
330
274
309
313
275
288
291
326
320
287
241
300
304
273
252
276
320
295
283
264
314
268
335
424
310
297
290
271
267
316
290
265
320
328
308
368
282
260
288
266
293
327
320
297
304
268
270
287
334
344
290
301
259
292
285
217
341
238
357
272
255
276
264
314
307
276
357
318
360
285
233
331
313
348
310
315
237
291
311
293
286
369
264
297
368
264
286
345
304
300
259
343
327
344
316
268
289
344
297
289
305
297
304
368
288
289
268
303
336
335
272
245
360
331
286
265
314
291
301
266
348
286
302
293
309
329
285
298
285
291
335
294
313
269
318
301
324
290
364
301
250
291
306
322
285
281
279
286
288
352
350
306
327
292
244
296
275
268
287
306
339
301
298
334
365
314
300
268
357
275
262
328
259
251
351
288
281
299
279
303
305
294
306
326
291
305
295
296
295
318
261
269
300
325
259
230
300
270
265
242
305
295
316
308
312
383
270
299
286
287
295
364
327
352
246
247
273
338
309
260
303
300
324
352
240
305
326
284
369
316
342
330
297
370
389
306
371
302
227
220
291
328
234
302
312
286
298
296
365
294
263
348
336
384
207
293
301
376
254
350
326
283
265
288
308
339
372
256
271
290
304
330
300
304
277
319
276
350
344
264
325
311
264
351
256
264
364
343
237
308
314
312
299
350
279
245
329
336
312
309
286
312
271
325
312
270
320
269
