263
269
263
283
279
241
285
321
277
282
273
296
303
307
287
281
284
273
280
242
226
298
250
240
276
286
285
271
264
297
293
272
313
252
250
312
300
298
262
307
282
298
270
254
269
281
272
291
231
272
251
270
268
257
269
274
251
279
309
324
269
282
304
285
287
254
266
281
257
294
326
250
239
257
257
281
284
355
287
278
304
320
276
277
290
298
260
318
300
261
283
296
281
212
253
269
285
240
256
271
264
312
255
290
300
272
290
335
296
302
311
311
278
283
241
298
311
295
225
269
260
264
286
271
291
274
248
273
269
253
285
277
245
301
266
244
299
301
306
280
307
262
269
272
280
288
300
329
248
304
307
275
276
316
272
287
251
264
292
296
288
269
254
287
296
308
223
287
250
294
263
267
308
296
308
309
264
352
273
254
324
318
236
261
295
253
315
303
265
312
282
236
299
265
314
274
321
277
327
221
248
279
252
283
292
305
257
256
268
302
279
281
303
286
254
292
268
268
245
235
265
274
297
263
310
269
273
255
329
345
310
276
249
299
283
237
264
269
297
328
275
261
275
276
294
275
291
261
266
287
243
281
270
259
308
313
257
284
268
268
323
235
306
327
259
257
295
302
274
272
291
286
295
289
305
267
254
291
288
290
256
288
279
260
293
272
257
297
270
287
262
298
280
300
296
274
311
287
312
305
231
275
262
248
279
279
296
263
298
303
298
275
282
304
298
293
258
298
254
245
304
291
285
317
268
307
296
271
295
271
270
261
262
306
239
275
281
267
275
279
265
281
329
272
298
233
303
279
281
303
317
279
299
300
320
316
299
281
303
261
319
263
270
276
287
291
272
292
253
291
269
227
308
259
327
306
256
278
259
290
251
294
276
240
278
236
269
269
342
330
290
263
289
325
284
289
297
265
302
289
308
286
298
242
240
255
259
332
295
323
294
311
288
269
270
306
251
298
337
287
268
293
295
258
277
306
259
268
272
296
255
256
290
328
307
264
291
237
293
267
303
288
262
271
289
327
250
325
303
296
294
312
255
287
295
319
296
282
247
299
276
310
281
287
314
332
278
256
257
268
329
304
261
238
271
270
270
307
231
250
297
296
278
273
290
275
269
308
280
272
313
295
277
286
279
296
259
300
262
247
