191
195
178
207
202
235
218
191
204
233
224
241
143
203
216
174
188
235
211
224
203
211
146
195
212
180
219
224
232
208
216
212
171
210
196
207
186
177
227
255
176
194
200
166
239
219
183
216
225
232
207
198
217
182
212
181
172
139
189
232
215
218
185
191
180
192
210
212
165
179
169
150
185
214
179
209
222
157
227
192
200
182
215
170
261
196
229
182
204
202
158
231
252
166
225
220
222
272
224
196
207
209
175
205
186
221
211
243
126
243
231
202
166
210
202
216
210
179
162
189
215
257
183
179
194
163
176
226
170
185
243
188
206
192
214
238
224
193
170
206
200
193
166
205
201
230
205
172
200
217
208
223
246
186
161
215
192
205
187
192
195
180
183
223
245
156
208
249
197
191
181
188
147
163
220
180
209
238
149
207
191
207
222
201
187
258
198
223
235
167
194
173
181
153
185
197
152
213
163
194
267
190
219
256
177
193
165
172
182
235
198
210
193
159
239
156
224
186
203
163
229
190
156
221
171
237
212
206
186
207
185
127
249
174
209
200
270
156
149
190
148
236
195
233
184
202
212
245
179
171
203
189
167
192
207
189
153
200
221
147
280
134
217
219
198
168
259
209
161
212
203
233
216
282
211
181
209
180
204
205
216
200
166
205
222
190
212
204
203
187
190
191
157
170
186
164
179
196
201
222
205
210
203
195
175
206
139
186
200
177
152
220
159
175
196
181
223
204
185
196
221
199
173
197
168
199
210
199
222
235
202
190
149
166
177
182
180
177
248
155
158
216
168
190
196
188
204
197
213
194
180
203
146
184
177
114
222
196
189
204
164
177
192
222
160
166
188
131
191
230
194
162
151
218
162
184
206
180
170
148
169
239
197
189
203
188
187
188
221
188
182
159
173
185
223
206
180
194
165
188
198
178
238
202
203
183
199
210
214
205
186
207
231
256
223
193
196
222
195
168
151
181
171
194
208
169
245
129
250
213
248
163
169
231
228
146
241
198
284
172
193
193
268
154
218
167
192
213
199
197
198
167
166
202
239
227
214
181
158
193
194
213
186
214
192
225
163
207
205
185
208
165
163
190
209
218
203
219
163
178
189
220
172
195
195
158
169
251
190
220
232
212
198
148
243
207
171
175
188
240
