275
262
275
275
216
310
278
285
277
225
263
260
224
265
305
265
264
267
278
239
249
239
293
264
250
278
264
270
289
212
269
327
255
259
275
288
296
308
296
295
222
322
246
356
292
247
283
302
257
258
279
234
252
255
289
263
288
290
266
260
251
285
259
314
263
277
256
259
260
281
277
280
293
240
270
258
305
281
241
294
256
259
269
321
246
292
267
250
246
276
273
283
281
266
275
244
259
261
300
302
264
266
260
281
260
261
257
263
248
251
249
274
289
259
248
265
270
244
273
292
283
284
244
284
293
255
287
268
271
234
265
251
309
227
237
281
273
260
261
296
250
261
283
263
281
263
288
294
277
269
285
265
306
234
315
274
287
258
271
249
275
275
217
274
265
260
286
244
260
236
259
242
261
285
290
277
303
237
274
248
273
247
268
292
260
294
297
243
316
293
247
248
292
242
260
252
294
228
257
254
270
304
259
220
247
215
259
259
300
245
254
297
291
283
304
250
289
246
291
271
272
266
265
245
299
292
264
249
249
255
254
265
257
276
248
277
284
257
287
303
280
271
262
245
253
281
243
260
295
271
230
251
241
302
286
259
283
243
288
306
260
263
273
263
319
282
281
275
234
244
306
211
265
284
285
282
216
256
249
306
299
275
287
240
267
260
266
258
287
266
272
248
304
239
263
228
306
251
292
276
274
247
237
275
252
271
288
232
270
261
284
280
278
283
258
287
283
223
272
301
259
279
264
270
282
265
269
240
268
236
309
235
290
260
230
266
251
280
247
303
289
231
237
289
231
268
265
264
248
222
265
284
261
248
297
300
247
227
255
300
278
273
265
276
298
242
293
290
266
234
268
280
262
225
263
272
283
279
243
256
285
262
262
281
230
232
285
284
262
285
238
294
262
274
273
278
300
240
311
284
286
278
257
286
281
264
289
255
277
260
289
275
242
263
256
271
266
263
267
257
252
264
247
243
282
272
212
273
251
257
271
257
289
255
236
261
250
281
249
278
263
242
288
314
281
237
210
270
253
301
262
269
176
287
254
281
258
275
253
275
294
283
251
279
264
264
323
243
251
287
288
278
254
292
270
279
252
262
285
237
272
265
347
281
250
258
210
238
247
245
257
285
276
250
250
236
257
265
280
189
