200
205
165
232
188
212
208
226
202
222
164
207
186
230
181
165
209
227
222
218
167
220
188
225
173
198
210
206
198
216
190
242
207
188
180
242
197
182
208
236
182
172
174
239
199
195
149
174
186
184
184
195
184
236
212
209
208
204
184
182
185
170
231
185
222
217
224
194
216
192
196
204
206
204
183
199
180
181
212
232
204
217
200
231
211
206
221
200
196
227
211
172
205
199
208
217
197
236
184
187
222
260
194
229
216
209
230
202
197
268
198
223
168
235
231
170
193
212
164
193
214
225
248
190
207
194
227
185
238
218
215
220
184
209
174
210
207
180
205
180
255
221
200
229
241
245
243
213
225
209
249
226
204
196
220
176
164
228
235
230
282
192
167
238
214
160
173
202
227
220
241
241
209
195
211
219
194
203
206
196
168
177
188
227
259
232
206
224
205
176
214
181
158
195
189
246
197
196
174
176
217
223
169
198
204
178
206
203
184
198
225
220
160
243
220
199
202
221
212
237
231
254
158
209
229
242
211
209
229
199
180
181
227
202
166
195
173
195
194
235
237
216
201
218
264
214
231
193
200
214
221
192
194
200
192
218
213
216
217
207
227
218
214
207
174
221
227
185
200
231
265
180
214
174
208
188
165
199
216
226
237
232
169
195
223
256
198
218
206
194
183
193
207
186
242
191
185
230
190
214
189
217
202
220
189
212
234
212
176
249
230
243
191
229
205
204
202
184
222
191
216
209
188
218
230
231
210
216
189
206
212
245
208
196
202
174
192
197
215
181
199
218
221
206
203
184
236
180
208
217
229
240
222
217
201
233
202
172
205
229
171
212
165
211
203
195
208
256
202
187
225
199
203
162
149
208
223
185
239
197
214
219
240
207
208
203
225
227
164
196
209
227
211
196
173
198
215
192
166
208
210
222
155
214
213
246
244
226
207
210
226
163
191
211
225
194
223
218
238
220
219
197
233
182
232
203
229
192
199
240
210
186
184
229
154
185
217
191
230
174
216
250
187
198
198
215
236
209
188
184
205
208
190
194
188
180
185
250
205
217
189
202
238
223
193
215
169
196
212
211
201
203
214
216
173
223
187
189
216
213
232
231
200
217
210
196
191
192
224
217
154
231
192
206
231
207
181
221
225
192
