622
642
538
567
494
608
628
546
544
559
519
454
535
649
506
568
571
519
478
573
561
571
650
619
525
581
577
577
535
526
517
581
500
612
553
665
483
569
548
568
592
575
525
618
562
615
584
505
495
570
553
576
661
571
591
545
555
620
483
530
616
577
625
565
566
525
570
580
610
599
498
548
655
539
562
499
594
638
624
659
534
638
631
517
608
541
492
611
615
492
603
486
528
561
587
584
578
561
521
499
529
521
570
601
595
536
593
506
517
579
514
560
581
563
610
503
563
546
548
543
625
693
671
525
603
694
614
580
526
535
636
598
593
552
502
669
539
635
553
472
623
502
533
582
594
569
541
625
458
597
581
595
557
633
624
649
459
522
547
520
500
647
605
591
578
582
555
605
536
451
574
519
526
542
617
623
617
574
499
556
530
560
554
654
594
566
644
440
557
568
505
524
520
483
464
558
611
556
593
651
542
589
467
627
573
613
529
568
539
585
627
469
582
457
589
540
587
588
516
560
550
634
661
555
629
527
560
602
521
612
580
526
521
542
562
696
580
528
647
596
450
557
574
529
534
589
455
565
552
587
657
503
538
517
543
487
512
623
435
562
610
487
456
574
509
594
633
598
556
532
597
569
467
516
586
571
586
577
507
589
558
623
573
554
558
446
552
625
565
606
514
588
603
624
514
652
629
560
584
469
571
486
585
641
565
512
505
592
597
500
424
502
513
614
564
583
652
579
614
541
529
506
480
565
483
492
634
595
582
605
533
576
598
643
609
634
649
607
644
562
633
607
526
589
687
649
466
614
541
577
556
573
549
555
560
640
590
535
691
594
630
530
557
580
508
510
673
583
533
562
572
559
562
517
599
679
544
463
532
541
521
645
563
587
659
549
501
585
623
534
549
649
618
540
600
525
627
608
550
552
669
546
543
686
621
576
574
527
494
583
564
640
472
607
535
515
558
559
659
546
559
601
539
568
617
523
548
566
662
597
524
592
634
694
584
508
474
469
552
545
500
580
582
569
573
562
528
618
574
671
585
532
577
548
628
572
508
623
626
575
548
601
551
561
600
499
631
564
516
521
625
568
577
441
548
523
566
611
594
508
508
570
571
632
594
509
596
519
625
519
564
677
577
595
595
502
552
567
530
517
