228
251
243
164
194
246
267
165
273
255
154
165
253
212
167
205
246
224
230
240
208
218
242
185
185
303
205
195
199
171
324
254
183
187
239
220
149
276
188
179
267
270
220
211
193
223
210
214
221
249
191
149
195
245
240
223
251
187
200
157
232
265
250
201
167
206
254
165
192
184
281
169
232
185
162
207
219
248
232
225
205
194
164
185
150
218
194
254
218
257
237
202
181
211
191
294
177
252
176
189
193
264
229
201
189
158
245
226
194
126
197
280
232
268
219
248
229
191
182
281
228
211
277
223
213
244
211
240
168
219
213
181
263
227
171
272
246
255
200
159
211
201
233
251
150
145
234
260
206
210
238
295
235
282
243
222
168
223
213
212
255
243
248
179
223
156
282
218
137
188
305
235
207
224
210
249
175
173
239
238
208
214
242
181
99
242
247
223
173
193
219
175
202
248
215
184
249
203
294
191
237
245
210
188
169
209
234
198
229
181
229
208
236
181
218
153
285
149
212
247
163
255
189
150
218
224
201
264
176
278
256
230
222
220
211
214
312
262
230
112
193
192
194
223
232
207
223
222
107
200
227
245
223
238
247
261
227
180
168
159
219
246
246
156
196
235
213
212
125
227
165
192
208
216
266
231
212
195
224
158
188
231
217
219
206
204
177
208
236
181
267
209
222
366
173
246
247
229
304
228
178
174
158
227
247
166
296
174
187
198
237
272
194
217
107
226
221
164
240
192
285
281
198
158
211
224
180
165
249
206
236
223
233
126
195
260
212
154
168
194
199
295
148
195
162
188
179
225
241
222
232
184
185
266
204
234
264
257
251
220
237
174
241
265
161
187
160
139
189
249
160
162
249
206
193
190
201
239
201
243
197
259
206
123
256
240
207
193
207
323
184
186
207
232
247
224
268
266
153
167
220
200
244
185
272
257
269
183
160
219
209
238
232
210
178
182
223
205
190
216
232
229
205
319
227
231
182
248
234
204
268
226
268
161
236
307
205
146
174
223
189
214
212
178
166
217
238
238
237
209
228
207
198
299
191
237
204
171
243
268
217
186
187
243
109
214
233
169
240
259
248
251
223
214
240
234
240
253
159
191
212
181
250
201
260
180
254
250
175
249
166
223
250
219
224
208
171
235
242
185
