451
477
422
522
442
499
503
471
460
522
511
455
402
455
470
500
451
524
439
513
537
448
465
477
402
434
479
464
403
485
447
467
490
455
491
480
446
383
429
452
456
409
505
481
496
510
472
376
516
488
416
403
492
451
529
464
500
481
527
469
531
427
445
475
452
470
477
414
480
475
449
441
415
431
409
423
455
434
469
446
536
437
464
503
493
448
471
430
497
477
387
443
456
527
423
433
495
467
463
430
397
462
533
461
492
499
399
372
450
506
468
458
409
494
470
515
374
520
430
538
420
455
489
461
430
452
476
490
451
462
492
439
482
435
426
506
493
476
562
426
489
455
450
419
447
474
409
528
465
426
427
474
477
447
415
496
462
415
382
508
584
475
494
381
497
454
443
364
409
478
504
408
431
440
470
474
467
505
476
468
462
506
465
499
484
443
422
462
461
436
490
314
489
470
463
432
433
448
494
520
488
414
412
490
534
499
454
567
433
428
455
468
487
477
476
448
465
449
419
401
451
489
496
423
435
456
391
398
433
515
517
459
526
497
455
476
495
494
472
489
461
411
533
535
430
509
430
405
487
497
495
428
480
500
423
484
474
445
530
453
482
377
369
399
437
457
528
447
382
531
448
506
498
490
442
444
516
476
520
551
511
478
477
437
506
443
439
485
447
428
522
479
434
491
366
416
493
446
450
516
441
474
486
475
444
430
499
442
468
465
493
462
482
446
473
453
494
477
474
436
473
556
427
377
416
469
440
429
453
476
531
457
444
393
487
501
464
459
457
425
466
526
533
457
415
465
491
462
511
467
498
449
493
472
379
495
432
505
457
388
390
533
426
502
419
436
446
482
473
513
446
474
451
511
498
491
485
481
475
441
526
501
484
494
489
478
430
465
508
537
495
428
532
434
411
492
451
481
417
394
499
507
549
449
477
435
368
472
433
491
441
412
382
457
521
460
457
431
424
380
533
462
463
505
453
473
468
394
476
483
510
529
491
490
486
479
418
500
422
492
423
511
419
457
432
479
487
496
460
438
379
462
485
426
463
495
420
479
427
378
485
483
479
480
485
493
516
500
425
485
452
497
440
463
532
443
507
413
418
467
452
494
498
494
446
455
428
495
448
501
488
491
488
568
507
467
421
431
500
454
