305
265
253
277
298
278
299
255
354
337
299
274
254
285
300
291
331
257
304
256
291
314
299
285
340
300
288
253
354
246
311
296
294
276
290
321
292
255
323
310
340
282
312
305
271
260
277
291
334
307
330
321
284
267
291
303
258
284
291
361
253
280
315
271
300
308
298
292
273
302
338
322
296
268
301
328
291
249
273
302
254
284
298
309
292
362
317
308
296
301
269
241
330
285
280
288
265
272
330
271
267
276
320
278
336
298
298
318
261
260
285
255
323
305
317
330
330
324
262
304
299
315
252
336
324
281
287
281
298
291
314
294
324
255
301
278
272
273
296
280
326
304
272
285
296
259
283
253
291
296
285
267
303
312
273
321
303
311
317
292
269
281
301
271
302
257
293
313
319
274
287
323
250
219
284
345
306
324
293
320
317
297
262
327
305
305
281
334
294
326
269
304
298
317
240
281
305
272
296
244
265
280
284
266
333
299
260
323
286
335
305
267
342
288
305
301
251
298
268
287
285
276
322
304
335
302
308
299
279
313
329
318
295
271
289
278
266
278
277
291
257
322
321
319
312
300
281
260
307
301
332
313
341
256
324
317
283
288
323
275
234
246
314
320
316
295
252
254
290
280
240
291
277
350
283
292
321
289
302
305
300
303
270
286
300
318
328
281
301
276
283
342
298
263
326
286
290
324
274
304
288
278
286
322
317
327
351
294
282
307
270
282
268
323
290
342
304
275
323
329
316
316
335
294
310
285
294
252
305
279
290
278
286
270
315
293
269
287
288
332
289
272
292
331
290
262
299
304
308
285
277
310
282
351
271
281
318
303
322
266
274
285
307
268
301
276
311
280
270
302
286
285
266
289
288
287
291
255
311
280
250
291
282
293
258
302
298
301
312
300
336
238
221
278
282
268
319
300
274
300
297
339
294
294
311
306
285
312
295
332
284
252
262
287
257
287
291
322
274
283
280
234
270
321
287
304
317
271
291
321
304
324
290
277
293
326
283
259
348
306
260
291
287
291
297
287
278
277
274
258
288
342
291
259
300
326
343
267
280
267
278
342
316
279
317
311
280
298
290
293
290
279
302
337
345
283
304
335
303
303
298
297
268
320
291
268
271
306
290
282
305
292
301
282
253
294
309
291
276
282
