63
72
66
70
83
95
69
75
63
83
73
79
80
73
92
74
75
71
83
65
60
80
65
74
76
102
88
68
80
65
62
69
84
68
68
70
73
60
67
73
73
81
64
84
71
73
84
80
66
78
77
64
94
75
89
77
76
86
63
75
70
83
87
71
63
71
73
75
61
83
74
76
93
71
78
85
83
82
54
61
78
79
80
76
61
74
90
80
75
68
77
62
74
65
72
75
80
79
86
104
75
77
61
57
70
80
97
68
88
81
66
79
62
86
77
94
77
91
80
77
77
82
101
81
79
82
68
77
90
86
88
77
68
59
69
72
54
93
87
77
68
86
80
82
68
60
75
75
75
67
83
80
86
69
75
68
74
81
67
60
93
71
60
109
71
75
76
76
78
65
85
73
78
87
83
72
67
82
81
70
91
87
84
72
79
80
75
75
86
78
72
64
88
77
61
65
78
74
81
61
73
81
66
77
67
81
72
68
77
69
66
83
74
63
81
75
78
75
80
81
82
67
74
67
65
74
64
71
68
64
80
72
61
79
62
89
85
76
82
70
81
80
100
66
56
77
62
105
71
74
70
75
64
69
68
68
64
66
85
76
64
50
73
78
77
67
71
70
67
71
77
61
73
76
88
75
61
67
69
69
74
69
74
73
62
84
80
69
68
84
85
74
56
79
64
70
73
65
66
74
86
75
95
95
76
62
82
80
70
59
71
96
69
79
84
74
86
73
68
67
72
68
72
73
83
66
77
72
65
72
77
101
69
67
57
81
84
76
87
75
89
63
68
87
72
79
74
69
70
90
74
55
70
75
80
89
83
85
100
78
61
77
71
85
76
84
82
69
85
77
65
70
68
70
60
80
76
87
68
77
87
59
68
64
69
72
78
86
82
73
71
72
70
68
74
77
98
57
74
89
53
74
79
71
74
70
86
74
69
68
77
74
59
78
55
71
61
68
75
81
71
78
77
65
89
85
81
82
77
83
81
76
77
77
79
77
64
72
86
70
83
77
90
73
63
84
80
81
89
83
80
81
80
73
72
79
75
68
70
70
92
89
74
85
66
90
61
72
73
65
87
71
78
71
69
70
71
87
85
69
67
69
75
72
72
75
81
63
57
80
89
66
95
72
77
66
71
67
76
71
