207
165
147
127
202
257
205
153
183
211
180
180
272
253
158
152
198
196
158
186
128
213
167
214
175
192
206
169
164
206
180
252
150
229
259
305
125
161
181
236
238
170
176
137
223
201
234
183
183
191
191
158
166
195
193
215
198
209
116
170
145
265
160
195
163
215
200
170
197
210
113
169
131
214
224
214
139
270
205
250
173
224
170
209
217
219
182
215
190
183
168
149
201
190
165
199
201
187
230
196
239
206
181
192
250
258
194
213
188
251
126
247
173
196
214
207
174
225
256
201
170
132
141
193
199
202
175
232
148
154
195
171
210
185
210
201
192
89
225
238
248
183
176
160
226
201
179
252
247
65
206
191
275
168
227
164
151
212
160
256
188
268
215
143
168
152
160
176
171
199
167
168
139
145
182
192
190
173
220
178
149
268
263
198
225
155
169
194
150
244
233
162
207
243
131
199
209
148
188
214
184
164
219
194
248
273
208
245
154
176
196
131
176
195
246
176
199
215
158
212
161
209
143
116
212
231
189
159
199
188
178
171
151
179
168
206
177
190
118
152
207
179
200
196
182
172
261
147
250
218
149
166
231
176
173
238
177
228
177
230
144
163
159
210
180
234
187
191
108
199
138
227
166
162
223
163
123
209
222
214
247
211
181
188
196
239
188
164
240
237
140
204
213
194
164
244
173
141
142
177
202
156
173
168
270
177
212
150
257
228
201
183
265
262
154
201
101
229
197
190
148
169
202
221
166
177
151
237
225
178
176
162
214
207
115
223
133
164
213
265
211
104
205
178
143
135
216
234
142
135
146
276
198
190
213
216
154
213
152
145
125
136
142
180
214
170
210
196
142
199
228
183
176
141
182
122
170
209
214
242
209
149
252
208
195
200
135
164
155
159
139
212
157
133
172
198
171
171
322
135
216
220
190
160
222
159
188
200
153
182
187
187
207
173
157
115
194
273
135
209
193
196
203
221
176
190
145
245
151
144
179
165
123
222
215
129
190
216
161
178
181
167
187
192
180
183
227
170
195
151
152
235
226
191
169
193
212
176
261
168
207
231
224
202
136
139
229
212
177
167
176
50
225
134
213
157
182
166
161
173
182
120
155
173
211
174
218
198
214
207
144
188
169
200
241
172
128
244
206
212
