113
129
114
106
106
100
111
168
117
86
131
114
129
116
107
125
156
113
108
124
91
108
108
93
94
143
103
120
109
136
107
124
158
165
99
106
120
120
99
131
143
115
131
97
132
98
84
88
117
105
125
104
125
121
109
107
106
132
137
118
101
125
85
114
113
119
103
105
103
108
121
98
105
129
109
115
100
144
129
122
97
88
127
123
105
122
146
93
120
99
121
93
95
113
99
122
107
108
142
103
128
119
128
106
106
119
124
127
123
119
67
104
156
116
137
123
127
129
123
114
80
111
119
90
102
94
92
69
115
141
121
89
119
117
86
105
114
98
104
103
99
119
83
141
103
139
123
120
81
91
115
121
126
102
116
120
110
126
94
104
133
111
103
109
103
108
118
158
129
106
106
87
129
110
107
70
120
106
95
89
103
129
102
123
99
125
109
117
119
128
127
113
89
88
113
95
114
105
121
137
107
143
104
137
110
77
98
142
123
110
97
139
92
132
133
120
105
125
121
102
106
107
90
105
123
101
126
118
92
122
103
139
138
130
83
105
140
153
91
102
102
85
129
105
136
135
87
127
129
113
108
122
122
130
100
117
110
130
106
123
87
77
124
120
87
101
104
99
122
117
89
108
143
138
102
132
104
121
107
123
80
113
75
68
133
104
107
109
100
125
96
101
156
99
108
93
126
76
129
124
110
96
127
106
121
131
95
88
80
142
108
125
119
109
116
89
108
121
103
112
87
99
122
111
113
146
120
113
122
92
82
134
114
101
127
125
114
98
129
126
114
94
90
113
119
126
134
93
115
132
87
128
129
143
121
85
123
105
87
116
72
112
109
121
110
133
134
137
103
104
136
130
89
107
113
109
122
136
110
139
120
107
124
132
77
143
82
107
100
102
112
127
110
102
112
98
103
89
102
89
104
119
118
124
135
149
89
118
108
97
96
124
129
111
111
123
102
127
120
97
79
103
116
119
126
128
106
94
133
99
128
121
111
83
131
118
101
114
129
89
94
127
152
87
89
102
133
100
128
124
98
122
112
145
103
98
68
133
104
122
125
137
102
130
144
128
90
105
115
83
93
86
125
99
90
106
121
123
120
107
100
108
110
128
103
85
115
110
132
134
138
145
121
139
136
133
116
105
111
86
