178
228
231
222
225
270
202
231
273
242
205
233
196
189
263
288
259
213
261
234
262
233
241
222
230
199
298
246
284
211
234
254
300
265
224
224
234
254
253
235
238
245
228
262
248
212
311
240
240
257
212
255
283
266
318
339
291
244
203
273
236
200
217
240
233
266
305
283
317
252
218
228
212
285
260
225
246
290
181
255
270
269
195
288
269
337
182
257
205
298
238
197
260
257
250
196
219
258
254
240
212
279
290
213
263
216
259
203
286
341
282
257
300
277
258
284
271
268
239
231
278
244
256
308
301
238
290
232
221
224
268
311
282
233
234
219
237
234
288
260
203
286
300
267
264
208
271
281
179
250
275
183
234
342
265
252
272
279
266
267
218
233
240
262
253
224
284
308
271
263
272
244
224
200
304
329
254
278
279
283
275
252
273
294
260
285
252
230
237
262
201
246
210
254
260
250
260
252
245
235
254
216
219
238
239
199
259
256
218
175
242
211
266
305
278
314
296
272
273
202
231
291
211
269
275
224
242
250
233
199
261
179
223
181
187
245
273
275
261
213
258
247
269
266
183
240
205
272
231
237
266
294
208
245
228
274
238
213
296
232
243
232
300
268
240
289
274
286
209
273
232
287
281
277
251
253
212
315
207
200
333
199
241
247
196
272
273
247
238
277
304
249
260
229
218
293
224
271
188
257
264
250
267
239
267
187
226
250
271
234
223
162
215
238
260
279
172
278
318
283
230
252
278
256
267
198
209
201
252
273
260
261
264
285
267
243
317
220
260
290
233
264
237
224
213
260
259
258
273
197
240
241
217
283
293
268
248
288
300
263
235
252
240
255
257
285
316
229
262
242
280
301
328
178
256
186
286
244
259
246
239
184
228
160
195
227
251
231
246
227
275
210
278
291
237
294
260
296
226
218
226
252
259
239
200
306
238
273
263
234
276
243
245
315
223
211
277
254
207
267
217
211
198
257
238
166
200
298
257
296
304
198
281
214
197
261
248
230
335
171
234
344
322
308
225
264
287
207
260
263
307
290
226
287
200
232
289
266
271
241
283
341
221
208
240
240
254
226
263
174
268
264
261
202
297
248
299
283
305
226
243
188
240
262
286
272
257
234
219
265
264
239
276
245
260
263
256
185
247
280
