498
490
496
587
440
463
523
597
478
500
524
510
505
516
476
525
540
605
464
537
496
451
461
524
612
570
518
489
530
557
531
491
543
577
557
525
558
528
544
546
552
587
508
526
553
512
471
605
498
499
572
532
493
541
551
555
526
540
562
552
458
495
600
509
584
495
492
571
508
551
479
559
465
431
539
535
543
582
536
562
575
545
475
518
514
507
547
502
522
488
558
505
572
501
539
502
514
508
546
512
620
467
481
530
570
557
613
444
567
537
523
521
573
564
533
473
487
529
473
470
518
476
460
583
508
626
570
521
512
467
485
490
528
484
599
498
591
534
556
527
567
482
494
547
536
472
548
545
610
546
440
460
594
519
431
518
478
492
537
609
532
492
515
592
570
502
481
541
510
561
535
554
570
546
520
539
450
558
502
501
531
581
566
546
492
492
565
484
521
508
455
505
591
500
524
578
522
540
534
525
469
589
587
502
594
491
450
521
555
512
552
532
563
529
482
535
532
536
515
502
501
616
557
534
497
417
501
509
529
526
488
581
539
515
528
588
481
484
607
570
514
538
521
518
611
598
497
544
456
486
553
499
571
543
599
505
591
527
577
522
544
549
573
510
563
517
547
512
528
533
498
552
504
526
474
506
526
570
495
467
581
631
595
523
504
527
517
444
580
579
532
442
566
516
539
529
545
559
533
594
565
464
616
509
518
597
480
561
564
539
554
557
496
434
525
567
563
560
581
510
555
458
562
514
537
493
600
565
495
533
484
592
527
603
519
531
569
559
510
525
581
524
561
501
505
588
484
510
532
596
488
589
556
588
575
630
581
579
543
423
548
624
560
508
481
614
476
437
563
471
560
508
458
532
572
604
472
505
487
551
550
554
564
431
543
438
538
502
510
571
558
509
553
568
519
561
530
519
480
501
506
423
545
598
571
486
499
570
469
558
649
539
573
525
493
557
492
520
544
475
525
525
487
540
479
536
431
528
536
616
507
571
494
559
526
515
468
586
595
515
524
562
562
620
560
492
521
552
540
494
540
444
523
549
474
521
525
506
546
597
534
558
529
530
579
483
506
539
537
537
523
466
547
509
490
540
531
468
594
473
491
583
547
531
508
566
471
576
619
473
526
484
563
599
497
512
494
450
549
514
