114
125
105
139
145
94
122
118
101
119
126
102
97
121
129
112
106
117
126
137
99
107
107
109
97
127
117
122
96
137
113
101
124
114
136
115
117
107
100
109
124
120
116
83
113
112
97
98
97
100
131
107
100
125
114
98
121
106
116
102
108
80
118
122
118
139
132
125
127
112
103
118
96
103
95
117
113
91
101
120
124
101
99
104
121
108
110
92
116
129
118
108
128
128
102
78
108
83
125
98
103
140
115
101
93
103
119
100
92
128
121
120
118
108
112
66
102
124
124
126
123
122
114
129
122
100
102
143
133
109
104
113
109
98
142
126
119
124
96
101
111
106
112
86
114
103
121
95
76
115
127
83
124
110
115
117
110
156
140
103
113
101
93
110
118
133
95
92
115
109
122
103
87
82
92
120
132
113
120
104
120
131
128
89
77
102
116
81
96
114
117
106
98
134
102
116
83
110
133
128
111
106
107
97
90
81
96
123
106
112
94
98
116
126
102
119
130
101
127
81
94
98
90
120
112
120
119
136
102
126
115
145
127
112
97
106
101
124
153
134
93
109
105
124
113
115
119
64
107
103
105
90
100
94
122
118
91
108
69
102
106
129
131
102
89
122
104
100
124
139
113
112
120
97
125
115
106
101
96
111
109
85
89
119
103
109
94
108
89
92
112
80
127
96
108
123
126
139
124
101
91
110
125
119
87
94
86
121
128
133
114
130
103
112
112
82
118
115
97
107
107
116
125
92
90
109
84
107
114
98
114
102
85
91
139
117
108
119
132
74
126
108
111
96
102
97
119
110
126
107
134
134
149
99
73
118
104
110
143
115
110
158
103
108
105
104
127
107
120
105
117
128
91
125
127
115
98
116
125
134
124
88
93
126
130
121
122
105
128
128
109
115
121
107
121
111
101
93
123
117
112
95
116
119
101
99
112
114
82
131
124
106
118
154
107
107
116
89
123
127
102
114
121
121
87
92
100
98
106
93
110
105
95
97
157
110
111
105
104
109
85
108
102
97
89
101
110
119
101
110
112
107
108
110
107
135
100
114
103
104
106
105
102
114
105
105
106
103
112
99
95
114
125
145
110
115
117
136
130
100
125
129
141
128
92
131
119
89
118
114
113
70
112
130
132
96
95
127
113
101
