217
190
175
199
218
213
182
175
184
172
154
194
182
184
205
217
174
199
182
184
185
179
224
161
183
190
179
170
183
229
223
192
197
181
210
214
204
215
217
232
199
187
204
192
178
198
189
200
179
186
169
178
179
182
201
172
193
194
226
177
172
194
178
196
175
197
205
127
166
199
204
195
180
175
200
197
186
177
191
193
211
187
156
205
154
204
183
186
204
212
193
148
197
181
190
154
208
177
201
184
207
199
184
193
160
174
181
187
188
174
188
175
217
214
177
196
200
214
157
195
229
198
215
229
263
202
171
205
197
202
177
197
202
176
197
184
154
182
191
157
190
183
200
210
211
176
184
196
181
186
194
180
206
163
191
171
190
174
207
226
202
184
210
208
178
205
179
234
189
183
191
194
168
163
217
209
190
198
192
172
231
238
187
153
215
157
179
188
192
205
189
172
180
176
220
183
198
210
191
214
173
203
260
183
192
209
184
183
218
168
207
242
197
202
189
172
191
189
192
225
195
183
194
165
159
186
169
181
151
205
199
196
167
196
185
221
231
214
214
198
195
196
196
219
204
170
227
224
198
200
204
192
204
215
229
202
199
182
218
238
205
207
216
209
204
177
201
169
164
208
153
170
216
200
196
160
225
176
178
225
145
228
162
205
222
244
164
227
225
219
177
200
216
195
202
136
205
150
176
199
180
207
162
178
212
164
191
233
224
235
196
162
216
163
204
175
194
202
185
191
199
241
158
170
171
168
161
184
205
181
189
171
210
138
185
206
219
196
189
180
232
178
221
178
202
222
198
191
164
166
154
214
175
223
159
217
187
202
212
178
221
177
188
187
179
212
193
203
172
222
165
160
156
188
190
209
162
211
212
193
168
216
203
185
211
168
202
207
195
212
183
211
214
200
193
171
181
196
184
172
208
183
224
217
217
174
185
202
194
168
215
165
158
250
201
182
181
195
167
143
198
219
158
216
172
157
206
207
190
197
216
208
208
195
181
157
220
152
194
169
193
176
213
166
213
206
193
216
211
230
182
223
219
186
182
163
171
201
168
213
228
195
207
185
178
220
172
188
228
177
223
199
196
224
206
177
217
199
235
211
194
214
237
177
224
176
206
145
172
226
166
134
197
213
177
169
188
156
192
205
