223
327
298
283
253
190
210
220
269
196
183
232
248
300
258
290
222
182
237
297
177
230
244
244
190
189
196
233
170
257
213
255
244
318
210
243
223
170
239
291
264
259
314
247
191
252
263
196
265
227
207
232
251
281
244
296
282
203
261
244
214
213
183
219
253
250
267
272
226
228
258
239
251
286
188
280
231
246
248
262
247
244
222
225
256
224
202
154
219
222
203
302
287
212
208
266
237
166
175
242
287
223
232
251
177
243
257
254
214
227
171
251
254
274
243
248
194
290
212
236
249
196
227
223
226
131
272
265
222
274
201
233
302
214
300
185
206
229
273
282
230
313
248
231
193
225
189
244
220
301
248
227
214
210
227
186
236
281
375
160
233
260
236
193
233
235
252
274
226
323
289
239
227
233
160
185
240
228
231
271
254
248
240
195
237
226
258
187
192
242
311
273
198
274
303
333
236
215
284
217
246
231
234
215
191
303
308
209
219
204
280
212
274
211
192
277
267
185
234
207
261
277
304
146
211
218
209
285
286
203
217
119
226
194
280
193
241
299
259
272
210
253
270
276
232
221
278
229
286
256
264
184
282
155
179
218
242
254
133
313
194
256
230
285
222
229
239
240
219
196
203
204
202
243
221
262
255
322
208
202
264
134
295
219
245
201
169
223
262
197
292
226
202
232
227
263
165
233
169
287
251
226
200
177
196
230
187
250
266
243
222
198
218
199
142
235
288
281
255
266
238
293
274
295
280
256
202
200
250
185
234
235
247
184
201
173
195
218
267
216
231
247
186
303
205
195
223
246
233
195
263
204
224
217
227
193
235
190
290
225
292
226
277
171
281
334
297
263
274
202
89
188
227
247
308
229
254
233
253
286
232
311
258
240
201
261
280
140
258
243
263
263
337
179
214
299
212
200
222
304
297
230
245
239
284
236
269
203
289
247
252
198
258
278
265
262
237
286
253
328
244
257
272
239
242
226
272
175
202
239
279
183
225
129
275
283
239
234
193
290
215
160
227
125
217
185
219
200
269
279
241
249
231
259
202
255
269
236
228
226
249
228
249
317
240
320
177
175
258
252
289
210
254
243
253
247
251
197
250
277
193
314
197
178
259
276
177
304
265
344
201
216
172
196
281
238
294
216
159
240
