312
295
280
319
292
245
227
184
282
264
348
275
262
214
222
309
307
178
275
296
291
282
304
214
252
277
294
290
258
275
370
277
224
302
259
306
249
270
286
291
320
316
263
344
271
279
305
331
314
183
272
270
301
360
342
247
204
259
233
236
282
313
265
256
215
204
296
195
209
289
288
237
248
343
216
208
274
286
335
216
342
289
231
249
180
315
318
289
256
267
212
236
163
230
319
181
282
243
294
289
231
298
320
295
237
225
305
334
306
257
275
288
291
274
206
245
357
296
206
321
245
305
272
347
310
262
278
300
232
322
303
210
217
286
381
239
259
253
248
289
244
247
209
242
267
210
213
242
270
292
294
284
289
220
228
309
298
249
299
252
210
258
250
281
225
244
275
205
270
270
300
324
274
246
250
233
239
303
242
234
253
197
212
258
300
211
267
293
242
254
257
279
259
339
215
314
237
251
289
195
279
256
267
298
248
332
271
312
277
327
185
328
255
340
276
253
205
264
231
176
268
250
239
281
216
199
252
325
320
237
220
316
185
288
232
232
262
291
286
233
277
281
292
230
267
321
179
182
267
275
306
300
160
281
198
287
360
303
328
230
296
262
263
231
268
284
314
254
271
254
231
327
298
308
257
206
308
204
317
261
228
207
236
288
294
268
256
248
294
310
255
193
317
193
235
283
326
292
247
268
292
293
236
293
232
262
273
277
303
295
205
289
306
226
313
225
267
250
206
298
291
227
243
245
249
273
244
234
295
321
258
250
245
235
263
256
266
250
274
227
266
195
244
293
300
316
239
233
323
214
326
213
247
273
303
272
270
361
362
263
280
252
308
259
350
239
217
316
285
243
318
236
215
317
304
330
288
262
309
294
309
337
194
267
258
293
328
261
281
239
288
236
267
262
291
271
251
301
295
259
282
251
253
297
262
329
250
271
259
284
252
339
261
273
239
254
262
336
293
265
229
267
282
176
211
288
265
267
251
229
222
257
254
283
277
289
235
257
259
261
335
301
258
245
223
225
243
265
211
297
310
328
272
268
260
302
228
283
281
286
339
265
288
238
264
198
234
284
294
286
272
279
293
196
230
261
210
275
224
161
347
307
301
258
168
279
311
194
202
255
242
296
290
199
318
264
263
306
251
290
