471
469
494
463
500
519
483
511
492
432
460
447
527
449
460
454
490
504
526
546
473
480
446
448
440
480
503
464
494
487
500
439
428
450
507
506
505
502
519
515
446
546
528
435
484
468
489
445
461
460
489
468
475
473
400
544
470
591
448
487
476
460
469
536
495
519
453
385
544
415
482
424
482
475
498
459
509
447
427
467
529
435
431
511
513
514
458
460
547
497
523
447
550
500
475
421
440
487
493
594
515
475
475
496
490
530
525
518
462
457
468
445
505
451
480
458
480
470
482
439
472
482
487
487
520
544
400
440
483
517
446
504
493
506
457
428
517
487
481
500
499
471
434
505
491
542
451
502
464
544
486
473
479
531
460
538
453
489
498
466
532
508
582
482
458
449
548
478
577
466
495
482
455
459
466
476
426
479
484
525
510
522
486
518
432
469
451
464
460
457
501
496
456
546
478
455
475
453
588
533
492
437
494
455
536
541
447
516
500
478
559
481
488
442
497
540
457
496
496
492
460
467
451
512
531
532
449
518
544
485
482
500
547
438
364
506
517
492
478
439
465
478
441
494
538
455
478
510
506
397
487
485
458
465
461
536
464
495
497
448
482
484
439
505
459
470
462
437
499
536
517
477
518
529
436
484
466
433
417
446
485
551
438
427
533
558
487
484
496
477
517
441
466
519
562
464
515
444
488
491
499
421
512
483
471
504
533
476
442
502
487
442
492
532
514
528
534
505
508
527
507
499
446
506
522
497
488
457
445
478
476
450
496
550
485
515
428
483
495
444
497
410
537
487
526
460
522
440
472
493
520
473
486
494
447
508
443
506
459
533
518
553
499
497
495
557
469
449
503
419
513
459
467
466
555
505
463
538
536
516
404
479
508
503
463
513
494
436
450
485
470
474
505
533
494
509
492
460
494
453
521
540
503
598
493
506
514
515
506
520
511
541
565
511
548
426
460
545
386
471
448
458
507
505
482
478
515
420
488
508
447
448
468
524
491
465
527
465
541
496
588
492
461
482
494
480
546
515
477
447
465
463
438
541
548
452
441
419
521
457
510
495
466
424
486
454
473
470
468
469
524
505
516
560
429
483
465
503
517
485
568
466
502
515
470
459
464
469
490
421
471
502
529
551
569
575
490
461
504
445
