158
161
160
157
170
140
154
164
167
157
183
175
189
162
179
153
155
158
164
168
182
159
155
166
185
170
177
193
175
165
156
168
161
190
183
164
177
174
177
165
159
135
173
164
153
122
135
158
156
157
163
152
174
153
143
160
138
157
165
173
157
179
178
170
187
190
153
172
166
146
175
187
190
156
137
169
160
188
156
169
140
185
128
115
166
159
139
165
167
153
169
156
170
146
186
193
150
145
139
165
182
171
168
164
183
153
152
151
158
163
150
142
150
163
190
147
159
167
172
155
170
154
187
149
178
198
171
138
155
162
141
169
192
170
155
164
160
174
190
204
188
187
153
168
182
144
173
161
174
177
170
177
175
164
183
148
193
165
169
174
176
144
206
166
154
161
160
150
179
174
163
169
146
171
183
153
151
152
164
153
163
193
179
164
181
153
166
143
137
154
128
164
175
147
155
174
168
174
162
153
149
162
163
156
163
162
159
173
172
198
165
159
163
146
172
160
136
177
190
171
173
159
196
162
171
173
160
174
142
182
151
141
166
166
167
144
177
135
183
151
150
177
179
181
155
172
141
146
164
139
165
144
195
155
178
156
155
157
197
195
154
186
159
154
159
144
166
184
154
156
205
146
189
187
153
187
168
142
151
138
152
194
159
164
159
176
155
160
156
171
145
140
170
162
175
158
154
175
157
166
162
163
161
144
159
138
130
174
163
185
186
129
170
156
159
173
148
174
162
177
191
143
167
193
194
166
139
142
138
167
163
171
180
168
160
160
165
136
177
185
191
160
171
148
149
177
189
151
155
166
162
166
169
158
169
136
178
168
180
165
162
155
174
172
178
174
184
162
199
181
152
155
172
150
146
183
173
205
147
171
147
171
162
172
164
191
160
146
151
182
153
179
174
162
172
158
149
147
166
179
167
155
159
165
151
160
160
188
182
153
139
156
174
176
144
176
144
187
182
162
178
166
173
162
146
164
172
170
161
172
166
151
152
177
189
155
135
147
152
178
154
182
131
162
174
169
165
169
163
146
173
168
183
154
177
189
170
135
157
145
141
157
175
174
161
165
170
152
166
173
140
168
155
156
171
167
159
160
194
201
170
194
194
165
161
151
160
169
163
163
168
181
147
153
164
163
170
166
152
175
