415
511
465
494
495
499
440
489
528
440
488
424
524
473
465
549
533
410
505
478
662
544
478
415
420
527
586
600
387
583
438
523
533
563
484
509
494
448
454
430
448
407
452
480
494
507
522
516
470
497
504
518
407
534
500
465
535
432
536
465
519
496
487
511
639
424
506
484
467
574
536
449
502
407
560
564
534
420
575
475
435
427
490
473
442
541
445
473
441
520
444
430
495
473
517
463
562
576
507
637
496
494
556
508
422
448
533
522
455
391
564
515
594
578
601
502
514
429
434
398
383
501
565
471
491
440
471
484
543
478
485
517
429
421
461
479
434
552
533
521
521
502
549
500
436
511
474
486
500
486
491
498
507
523
436
494
453
586
473
550
480
512
505
506
499
474
436
536
524
529
510
422
452
511
542
525
570
486
527
462
529
524
558
564
459
516
550
473
516
521
458
476
518
493
521
412
468
417
607
501
453
408
522
463
469
468
600
489
529
441
421
430
497
515
442
506
533
437
568
510
517
539
427
570
456
498
442
519
468
410
481
497
409
440
574
544
485
408
568
490
552
466
419
605
505
587
555
504
529
491
464
491
457
453
516
582
578
510
565
552
442
495
528
561
509
586
501
517
498
497
552
446
593
442
478
425
456
500
561
599
579
547
526
528
534
502
513
535
497
415
582
509
586
498
463
547
479
410
537
486
469
504
560
501
481
537
410
539
470
490
480
466
534
566
485
455
512
526
537
439
431
489
435
549
442
493
349
498
517
495
471
631
454
471
507
630
489
522
509
515
491
533
550
477
573
516
581
576
548
527
445
533
534
466
467
519
433
504
507
447
503
466
602
444
524
391
522
477
525
464
463
449
539
419
522
470
474
530
495
502
528
549
395
551
326
631
488
537
476
416
568
449
441
455
523
449
455
475
550
498
534
481
467
410
474
424
539
470
455
532
524
456
579
498
530
530
543
553
462
531
464
550
527
501
445
435
624
437
425
377
598
470
527
509
559
539
361
423
604
503
436
568
523
503
418
467
494
555
524
531
507
487
434
422
543
454
545
488
529
542
534
544
495
445
407
436
477
465
468
501
455
443
511
565
489
473
634
477
559
503
528
547
452
522
478
525
491
441
444
500
451
501
447
572
551
454
467
442
483
534
