175
235
251
208
233
259
228
293
195
316
224
290
248
274
249
239
231
253
230
252
208
216
210
189
190
230
279
162
178
280
264
249
228
202
239
232
218
280
301
266
277
222
286
233
251
231
214
254
244
266
249
241
239
204
206
228
235
258
260
236
258
206
231
228
200
260
175
226
297
233
224
209
207
226
255
276
223
245
206
182
212
263
178
226
212
222
251
245
201
210
230
210
240
227
236
272
211
273
281
198
249
280
300
292
236
212
287
242
252
281
245
198
213
258
230
233
247
265
191
239
196
275
180
195
243
255
230
219
282
234
231
237
245
322
299
203
236
201
197
214
273
200
237
259
216
214
273
234
261
233
228
227
219
280
216
281
207
238
243
253
216
232
223
345
233
236
264
270
235
233
275
257
205
273
243
265
245
279
216
244
213
239
242
226
240
238
188
217
244
286
221
198
288
270
273
218
312
238
233
244
225
264
219
203
295
229
240
270
261
257
303
192
244
191
247
227
236
257
288
242
234
296
220
242
223
248
220
314
164
192
243
215
202
263
211
222
258
272
188
250
307
231
263
264
291
225
257
274
230
235
218
253
243
183
162
250
269
278
231
286
226
203
250
237
226
278
250
246
241
210
203
228
236
244
317
258
165
204
229
193
219
233
193
230
265
278
243
243
214
211
247
194
248
236
246
250
249
275
172
252
269
181
222
196
235
241
232
237
202
276
273
221
257
193
254
268
260
276
220
256
261
246
237
225
239
251
291
261
262
258
280
247
229
179
233
233
210
288
211
213
193
262
240
231
235
212
252
266
257
180
237
204
233
250
272
261
249
217
276
222
244
197
252
253
245
243
219
224
292
180
249
290
280
255
253
169
214
248
198
267
216
285
242
260
258
299
302
174
261
258
200
229
234
210
241
242
255
218
178
274
213
208
223
257
256
225
297
242
272
217
239
230
220
286
186
282
244
247
275
262
255
226
252
292
231
264
181
244
250
285
218
256
267
248
310
298
252
212
257
242
254
202
253
255
216
223
211
293
198
238
243
228
254
286
243
223
198
210
200
210
226
221
206
271
233
283
218
237
250
241
260
231
222
211
205
232
232
257
227
223
236
255
257
256
197
295
223
219
202
236
247
237
252
233
239
234
237
265
227
202
