236
289
269
230
239
252
223
260
242
265
243
255
239
252
261
212
217
270
243
222
198
254
278
250
220
264
241
229
198
258
232
258
235
278
249
236
242
253
271
209
239
226
235
246
272
257
214
215
232
266
210
243
276
247
250
235
239
213
269
242
247
237
217
269
281
224
262
265
247
227
275
255
234
251
233
251
193
237
228
250
254
271
242
238
209
277
228
256
263
196
221
253
273
285
253
279
220
178
239
251
298
225
248
253
233
240
249
221
283
283
240
295
268
231
240
257
217
261
241
220
239
234
248
234
254
250
271
255
279
238
275
264
236
273
270
243
259
248
250
266
223
240
217
241
252
276
201
260
253
284
246
276
263
261
234
216
221
263
234
227
269
217
260
227
219
231
229
214
208
238
205
257
241
233
251
278
222
225
254
271
255
264
280
242
238
216
262
232
254
258
242
260
238
282
232
277
257
217
277
253
200
240
247
294
254
230
276
222
214
266
233
213
272
238
219
248
271
202
254
259
244
236
237
194
280
218
262
254
237
261
203
286
245
262
236
255
208
255
239
239
244
243
263
256
217
240
256
217
227
227
241
269
250
225
239
259
261
282
258
225
236
221
228
242
246
233
227
226
218
280
284
240
255
310
206
222
271
266
223
235
284
246
267
257
246
257
271
228
210
277
234
272
264
190
273
212
262
228
288
197
211
222
276
269
244
205
209
272
249
266
261
231
223
196
233
252
232
290
267
231
237
244
249
271
259
206
236
296
258
270
263
240
188
234
217
208
240
238
250
225
238
235
221
254
270
276
263
283
195
261
245
247
205
271
232
264
295
299
254
275
270
253
251
230
256
202
257
209
258
255
277
253
212
247
211
262
228
219
233
295
203
250
234
264
229
228
202
247
206
243
215
220
214
199
242
249
231
298
236
288
254
253
220
249
268
260
164
213
242
265
236
223
234
249
252
267
224
237
213
247
262
237
258
244
256
240
226
239
254
299
229
268
227
252
205
263
271
262
291
284
258
221
226
265
228
220
220
283
241
251
265
303
222
196
232
263
206
215
200
277
273
258
254
187
214
218
241
257
211
264
252
237
260
238
223
280
245
193
254
225
265
235
219
242
240
257
242
289
260
273
259
239
213
228
256
234
266
240
235
246
