97
78
92
76
81
94
86
74
73
81
89
82
81
84
83
80
87
87
98
97
85
77
83
76
98
82
85
75
87
88
84
88
85
80
81
81
80
84
98
101
82
88
83
76
95
66
92
80
77
90
89
89
74
63
90
85
88
85
98
69
83
87
90
77
97
95
88
86
93
95
82
73
94
78
81
81
79
95
87
101
77
94
83
83
82
80
80
93
95
72
81
85
89
72
78
98
66
106
73
88
86
88
98
68
104
98
77
77
81
72
94
100
89
94
86
93
102
72
74
71
84
102
83
99
83
95
90
89
82
80
88
79
89
94
74
86
106
88
85
79
82
78
75
77
93
80
81
80
99
78
108
82
78
83
83
80
75
89
92
68
93
80
79
79
82
78
92
93
77
95
90
86
79
91
97
90
85
105
75
85
75
83
97
94
89
77
78
107
97
87
78
68
83
56
76
71
85
85
86
67
80
72
78
82
86
103
79
86
95
78
80
82
90
80
85
91
97
81
87
79
88
86
83
85
85
85
78
73
83
91
95
79
88
101
71
83
101
77
73
85
98
101
80
77
92
108
84
90
70
72
85
84
88
72
84
83
91
85
75
93
86
87
76
78
94
92
92
89
80
98
91
90
94
98
78
87
85
101
78
83
83
92
90
79
91
79
91
78
77
76
84
78
96
94
80
86
93
94
84
89
85
73
96
83
96
76
92
82
104
79
91
79
83
103
90
73
96
100
75
84
77
86
83
88
95
89
84
79
107
82
72
69
83
81
95
98
107
84
87
79
73
90
76
82
74
83
72
99
88
82
76
80
95
102
80
93
74
91
95
76
97
88
96
101
97
74
83
90
92
85
95
85
83
97
84
83
90
83
83
90
84
93
75
91
89
86
81
86
97
74
97
107
74
85
88
91
82
87
89
73
96
97
77
88
89
107
82
85
96
81
59
88
83
95
97
90
92
97
85
74
85
95
78
97
85
87
95
92
91
71
88
89
73
87
87
88
81
96
86
96
95
88
82
81
93
68
91
83
75
76
94
88
89
81
82
81
79
89
87
87
73
85
86
82
92
81
98
87
106
71
83
107
83
91
84
82
102
104
89
88
93
89
81
89
103
88
93
75
91
97
98
63
74
84
84
92
106
77
97
93
