228
187
178
207
192
131
224
178
255
121
129
192
153
249
221
230
275
170
171
137
190
179
237
214
233
222
170
202
198
127
219
111
167
222
124
157
272
251
166
261
234
174
152
170
171
233
234
205
268
125
186
206
160
161
159
204
184
196
208
186
190
228
252
184
183
241
210
224
140
166
200
170
132
206
217
209
167
154
212
193
186
226
173
171
143
195
193
188
171
120
211
205
227
225
154
216
213
196
182
201
210
141
184
203
198
137
197
175
185
196
213
247
172
164
251
195
170
231
179
206
155
152
132
187
161
233
165
218
224
222
234
226
231
247
190
226
180
231
238
162
207
163
276
155
164
144
178
195
207
191
226
268
173
203
198
227
229
165
227
235
172
198
162
194
223
149
167
183
212
189
193
208
152
241
126
217
154
254
185
168
236
161
179
132
117
136
219
129
172
249
271
174
198
277
159
205
213
150
148
214
195
186
195
224
191
182
252
226
235
192
164
134
157
190
171
149
235
125
179
222
219
208
208
219
214
165
162
267
209
162
220
214
232
220
184
171
224
229
218
227
213
221
220
208
282
180
208
150
248
268
154
206
150
233
201
202
231
190
248
189
164
224
214
144
181
178
245
187
196
173
262
213
185
167
263
216
214
229
204
179
205
182
187
207
200
235
201
287
150
133
222
168
228
121
210
161
178
228
206
199
155
208
215
224
196
162
183
254
214
139
180
187
157
192
176
159
177
215
209
186
244
246
253
174
202
222
156
214
122
273
140
240
229
155
251
165
189
150
287
194
178
216
223
146
220
195
190
181
168
229
134
162
230
187
188
179
141
220
228
191
190
242
226
189
162
207
203
177
190
205
223
186
281
253
155
205
144
215
199
201
163
189
193
106
250
195
237
227
210
211
221
154
200
179
176
236
191
197
166
256
183
194
163
214
235
209
179
222
192
224
178
221
225
193
231
174
187
206
196
149
192
112
168
215
233
202
156
196
203
159
246
188
118
169
214
268
206
199
170
221
213
230
252
229
164
157
143
135
137
238
182
136
189
196
293
254
179
244
252
228
185
213
166
240
211
193
189
183
189
162
164
193
232
245
193
167
205
209
93
207
221
155
188
190
135
283
179
215
202
264
203
222
172
175
229
196
184
185
189
177
