319
434
374
275
284
422
403
415
417
390
465
419
340
335
274
357
402
400
385
367
390
359
358
391
447
388
349
364
346
374
381
370
372
436
450
400
349
338
434
309
339
445
478
393
418
394
395
413
348
483
374
368
419
392
403
413
363
376
392
359
397
406
380
388
338
448
318
423
275
367
342
344
363
439
504
380
346
390
433
336
385
404
390
367
381
393
401
387
382
423
400
406
414
442
406
344
390
398
446
404
396
451
457
413
363
334
383
361
434
368
397
398
390
430
375
385
426
380
485
372
397
384
326
365
298
407
372
406
342
332
411
381
433
448
449
443
490
374
415
374
378
418
311
459
429
393
385
345
343
422
439
434
363
339
370
347
387
413
429
370
361
345
396
412
435
374
348
443
338
361
364
450
442
434
362
423
392
419
407
379
412
446
336
298
463
410
369
467
412
415
352
426
361
406
433
419
389
391
404
378
348
323
404
308
405
384
380
398
334
407
387
371
406
380
356
404
458
388
400
445
407
348
338
421
411
354
387
336
403
457
402
430
401
401
421
407
362
350
354
417
399
386
401
387
328
470
404
373
376
421
360
477
383
403
435
444
373
396
382
403
387
393
318
369
374
353
452
430
351
379
370
292
360
384
398
451
395
370
384
336
343
311
355
414
415
427
408
442
395
375
389
484
427
417
336
379
419
336
376
341
411
404
384
467
399
479
372
400
332
367
322
368
349
441
295
425
440
303
412
324
452
374
370
349
416
436
344
439
402
367
406
366
419
402
376
390
270
334
389
398
318
418
383
448
366
374
352
451
385
423
339
327
465
380
436
375
401
395
423
281
365
310
338
419
362
394
333
408
422
373
393
367
331
424
337
439
373
464
431
411
373
286
419
390
316
334
318
439
340
439
404
396
377
423
377
395
384
306
361
370
376
403
325
367
404
317
472
345
403
414
337
336
334
340
324
327
373
410
370
397
439
419
432
372
380
442
410
389
302
453
455
388
427
388
366
359
435
409
352
416
396
321
423
399
382
330
401
380
371
369
298
391
363
430
393
342
428
390
451
388
360
416
398
415
365
422
479
356
412
412
454
380
369
445
370
420
430
414
344
383
351
403
428
387
370
344
358
424
314
328
293
336
403
383
385
399
432
404
346
425
