106
146
126
131
121
108
104
102
107
107
114
122
136
112
83
137
104
95
120
84
121
104
115
132
112
101
105
110
101
104
86
119
119
119
114
100
129
131
107
114
71
123
105
107
123
119
107
86
125
101
97
99
127
100
103
122
117
111
122
112
100
118
97
96
110
108
112
126
87
137
81
92
101
87
98
90
78
118
98
105
80
132
121
86
133
110
96
120
125
99
100
122
116
111
100
106
113
122
104
121
108
112
84
115
125
120
100
106
120
126
128
98
122
91
124
122
115
97
89
99
106
136
136
98
129
102
114
80
116
94
91
103
111
101
126
143
100
93
127
109
119
112
111
108
117
128
106
97
111
68
113
111
108
114
105
83
98
124
125
80
113
116
134
89
111
103
114
107
108
100
111
114
106
99
109
111
104
91
97
131
129
112
134
115
85
114
112
126
107
117
106
118
121
128
119
92
106
110
116
106
131
83
126
105
82
98
98
94
136
95
109
116
90
100
113
92
94
112
90
113
100
105
129
95
136
107
80
128
113
78
97
119
120
104
103
109
117
90
113
106
97
95
99
125
117
125
96
105
100
128
115
111
108
98
112
115
119
114
111
115
109
118
105
87
135
120
112
102
89
127
113
114
113
109
116
104
94
127
100
90
109
112
127
112
119
119
113
109
125
133
88
134
88
125
132
152
108
97
129
119
118
114
104
92
109
129
106
85
86
118
104
110
125
111
123
112
138
87
122
89
109
126
98
112
96
122
125
124
94
98
108
125
104
118
118
77
118
130
108
117
91
107
96
127
109
131
116
137
125
106
94
93
106
101
101
84
115
130
122
106
103
92
115
100
81
96
98
86
97
83
86
104
88
113
101
85
117
131
108
119
129
114
129
129
117
110
108
68
92
88
117
114
109
121
98
90
119
81
105
101
139
103
115
106
119
107
119
106
111
130
96
114
88
99
117
117
125
116
114
104
114
132
127
107
128
94
108
119
121
102
125
119
95
108
101
121
83
127
72
103
126
118
98
111
111
109
95
111
126
111
110
95
108
118
115
113
103
117
103
75
103
108
105
125
117
120
87
115
116
112
128
109
102
89
99
96
138
91
121
117
108
128
111
83
138
102
114
109
136
79
104
110
120
126
101
73
125
101
110
111
