119
104
120
140
133
123
137
83
107
85
145
117
151
147
120
145
152
145
140
145
103
146
131
145
135
138
111
106
93
120
97
153
154
120
108
123
143
141
113
149
151
115
124
142
147
129
154
123
137
157
122
110
130
146
117
129
113
123
144
141
152
129
141
132
112
115
131
158
88
164
102
145
148
140
129
117
134
127
148
138
109
129
116
112
111
157
124
155
89
96
130
128
125
103
157
145
134
138
153
141
116
151
147
125
134
119
84
124
129
127
129
113
135
128
115
90
136
138
143
123
137
112
123
128
149
119
92
138
150
134
130
118
139
138
112
121
105
133
115
145
132
128
122
115
135
139
112
105
115
136
120
151
107
126
145
110
143
140
130
125
130
132
135
138
132
138
117
112
111
126
152
151
141
131
134
150
151
143
125
131
119
130
136
166
136
137
144
127
119
185
166
136
125
135
115
144
121
123
137
138
135
147
127
120
124
134
105
147
132
141
123
146
163
130
162
107
148
114
113
137
150
84
134
141
135
175
119
120
94
98
107
93
118
92
133
142
117
95
161
111
147
153
127
132
156
117
125
154
145
106
147
132
123
133
132
126
143
98
136
148
142
132
123
130
160
147
160
126
129
119
149
135
124
164
126
140
132
124
136
132
137
134
100
130
108
143
156
111
134
132
128
125
140
128
114
107
118
152
113
145
135
129
133
115
147
128
111
128
118
143
112
145
118
129
147
124
127
150
100
171
121
108
126
110
155
132
122
116
105
153
138
134
156
160
133
100
96
138
136
110
155
139
120
161
158
140
112
136
158
138
121
120
99
132
147
147
152
157
140
105
135
132
127
110
100
131
129
136
136
129
152
137
116
137
120
147
126
134
82
160
139
136
149
108
156
141
159
115
129
109
152
129
157
125
127
158
125
124
116
156
114
141
121
146
118
118
132
109
129
158
126
162
128
174
137
112
144
121
134
153
99
112
140
87
136
120
134
118
97
116
106
135
154
114
161
115
141
140
118
137
133
136
125
119
130
99
158
110
99
147
112
157
146
115
116
140
136
136
111
137
125
113
160
130
131
147
138
139
138
100
138
128
118
112
112
145
145
159
132
153
145
129
131
116
139
153
132
115
125
157
121
114
147
114
135
118
131
165
111
124
