165
214
173
213
170
171
181
188
169
155
207
174
160
170
166
203
181
192
181
165
140
183
193
220
180
163
181
174
159
189
211
181
165
155
176
192
201
116
200
164
183
151
167
193
186
137
183
176
189
136
160
187
197
163
183
154
176
167
138
178
164
139
199
150
161
201
204
157
176
166
172
184
198
162
164
181
163
193
166
166
197
147
175
181
192
184
171
181
198
154
168
186
150
197
146
179
176
161
164
189
148
150
181
183
171
163
139
161
195
163
205
212
161
180
187
178
188
193
164
213
203
178
166
167
168
173
189
158
157
144
166
174
161
161
190
207
195
214
162
172
191
162
163
175
180
184
176
170
175
189
229
140
152
195
198
166
198
204
204
174
165
194
200
162
181
162
170
180
183
165
198
172
170
151
187
172
194
170
179
193
144
194
179
164
170
153
162
149
206
177
191
197
158
188
163
162
195
189
204
184
158
178
210
176
171
156
167
161
218
185
204
185
150
172
173
173
185
176
206
154
198
160
177
162
209
156
159
174
166
186
161
209
167
182
146
174
190
186
182
193
184
212
174
182
151
195
156
195
166
151
169
224
157
177
166
198
177
182
199
188
146
185
176
148
168
201
187
179
194
177
181
185
156
152
196
156
180
161
181
179
173
166
188
194
148
201
144
159
159
208
164
186
190
176
181
175
181
194
168
137
140
190
161
197
199
148
208
207
173
199
199
153
162
228
140
168
203
188
163
191
159
196
175
182
148
169
165
165
161
164
165
186
168
185
172
162
187
153
181
197
160
182
186
189
198
209
183
180
197
163
175
165
188
179
182
201
166
165
186
141
159
191
152
169
164
163
171
200
182
172
182
174
176
102
155
190
170
184
181
179
181
190
189
148
154
199
178
213
174
172
154
176
191
160
167
200
208
170
164
188
192
147
156
150
157
176
165
199
155
184
173
177
186
191
198
171
186
170
213
222
219
149
242
185
165
139
174
177
193
180
163
188
190
150
175
177
205
176
172
147
175
191
199
175
194
165
165
159
154
183
169
195
172
173
173
149
205
182
123
162
166
186
183
172
162
181
180
187
158
197
163
170
178
179
180
169
164
182
155
170
162
198
195
151
187
166
187
203
168
188
146
165
153
175
152
166
173
157
197
214
