131
123
142
135
149
110
150
121
131
127
128
137
133
148
114
140
130
120
149
148
122
126
125
159
136
123
121
160
149
134
125
137
152
132
130
141
119
144
143
120
110
138
133
150
127
155
119
133
151
142
123
144
154
143
135
139
118
138
140
148
144
141
133
123
147
141
151
132
125
139
156
119
114
129
147
150
151
129
145
138
138
116
143
134
99
131
129
142
134
124
122
151
136
147
121
142
138
116
118
128
136
122
144
133
123
132
127
143
144
147
140
117
125
128
145
154
144
138
120
140
134
122
144
149
146
134
121
135
135
132
136
131
155
101
125
124
135
134
125
154
140
150
141
138
141
143
134
136
132
150
143
125
113
140
135
134
122
139
120
114
132
124
131
122
124
146
146
140
130
140
128
129
138
125
152
121
150
133
129
128
136
135
132
122
135
121
139
128
146
130
136
156
143
137
133
137
129
135
140
146
143
133
144
132
143
144
150
126
117
121
147
142
139
125
129
124
129
134
134
147
123
142
136
148
138
151
134
110
134
132
109
137
141
147
128
153
128
119
127
135
125
148
117
153
128
150
143
138
122
146
139
152
144
134
133
148
128
133
117
132
139
141
140
145
143
139
120
119
119
142
111
130
115
137
114
142
125
119
146
129
156
136
146
125
111
152
128
124
137
146
150
149
140
136
157
146
139
107
139
144
125
109
130
120
142
155
120
140
121
136
144
131
147
130
124
129
131
130
130
138
131
135
133
148
137
148
131
122
133
150
132
141
134
143
132
140
122
127
128
129
133
118
120
141
128
128
132
128
138
155
155
138
143
150
137
119
145
118
136
143
123
142
116
133
134
135
134
136
126
127
124
140
137
128
130
140
116
150
147
119
149
130
150
120
113
146
129
119
119
131
111
150
156
137
130
134
137
159
141
148
138
156
118
141
118
131
129
140
131
134
141
119
142
144
145
122
141
134
145
159
134
143
134
126
141
115
139
136
136
141
129
146
140
148
129
137
166
146
134
130
144
137
131
135
110
141
129
132
133
132
120
129
122
141
131
137
126
143
135
146
120
129
120
127
134
135
136
151
153
135
125
134
140
145
151
116
156
130
135
142
148
160
132
142
142
123
150
140
137
158
140
141
142
137
131
133
150
129
158
129
