359
381
404
347
293
314
346
322
380
369
394
397
385
298
357
364
356
387
349
316
344
267
303
403
320
256
380
282
320
169
249
368
425
362
438
342
339
275
359
422
400
320
355
409
369
307
393
296
377
257
377
371
258
352
343
341
426
289
332
335
296
321
393
397
434
323
340
313
351
319
438
297
300
315
269
376
353
320
361
360
331
432
335
276
398
416
339
354
393
325
297
296
330
322
381
268
398
374
256
346
315
444
368
302
359
329
324
343
518
398
318
349
356
404
455
356
415
358
393
362
312
365
353
362
247
352
428
288
297
391
379
320
344
354
340
343
353
361
321
366
313
381
361
469
387
371
338
344
395
273
249
340
390
346
386
285
427
377
300
371
357
330
324
352
311
376
276
296
351
370
370
377
383
336
374
411
371
427
433
421
341
304
265
353
374
356
384
413
325
293
380
379
404
420
388
394
352
362
399
239
278
462
382
344
348
358
396
311
350
347
330
343
367
421
335
393
410
337
449
361
377
388
322
403
398
390
366
307
431
378
444
275
375
307
334
445
305
408
301
339
354
407
430
311
350
422
379
330
378
356
293
434
266
271
390
362
335
371
324
322
280
320
387
392
472
314
292
313
293
334
362
345
308
383
335
353
381
417
380
340
282
383
339
475
327
312
380
343
323
383
398
304
361
306
295
351
371
307
299
303
314
315
307
296
341
367
286
357
353
285
342
311
361
422
375
358
347
370
272
396
276
296
400
350
376
439
241
279
321
351
366
425
363
280
354
305
409
307
272
334
389
405
389
408
278
386
366
370
366
309
336
365
311
371
300
317
305
284
333
302
434
277
303
388
343
344
406
413
392
335
335
422
409
315
404
278
393
326
385
386
398
383
320
358
405
370
312
378
243
409
346
310
372
327
334
392
427
396
368
419
370
382
310
334
436
368
395
372
317
343
348
326
319
413
399
342
345
340
333
379
357
363
333
396
362
403
342
380
297
290
435
425
391
400
332
373
422
279
343
304
415
327
368
335
373
363
385
321
320
398
215
390
473
342
292
291
317
337
384
264
448
386
289
283
309
375
369
286
349
355
290
402
357
327
342
340
233
429
382
267
400
351
395
346
336
362
302
310
247
357
274
341
339
345
372
416
293
397
368
410
