244
209
176
210
203
312
192
254
257
246
297
233
202
229
225
220
259
224
312
283
234
168
229
265
204
322
209
229
229
322
244
266
238
185
265
256
296
297
278
322
286
317
222
263
253
221
243
266
245
183
192
276
291
277
196
258
166
339
255
215
234
174
216
272
238
246
204
202
219
195
339
278
304
256
218
260
214
324
321
184
201
223
214
262
217
252
250
149
260
234
219
324
336
248
268
245
329
285
222
294
152
242
302
305
194
231
323
282
198
214
241
203
195
246
241
257
273
211
208
168
264
230
197
244
255
243
254
268
270
156
222
259
187
247
267
255
177
308
217
213
259
217
191
232
185
200
234
253
262
268
265
315
249
239
259
292
253
258
222
267
274
241
239
292
286
219
233
303
261
319
228
246
205
168
164
197
263
229
326
293
247
258
310
235
228
203
231
254
290
270
237
210
271
279
148
219
210
216
229
214
222
226
274
202
292
230
253
238
195
276
239
270
196
253
193
274
236
237
250
237
294
243
238
276
229
235
254
235
173
182
313
244
278
243
235
232
258
254
175
270
240
231
219
225
246
183
189
273
291
259
216
278
198
244
227
247
226
237
198
264
182
242
144
205
254
204
221
217
272
185
235
264
244
223
279
271
217
260
219
206
148
276
249
218
136
268
236
241
258
327
289
222
258
280
233
263
230
305
226
173
192
316
197
229
283
275
254
229
278
219
200
245
292
223
282
227
217
292
250
242
215
149
242
210
305
252
258
214
215
229
335
258
273
310
252
228
246
283
236
257
166
260
255
185
236
207
190
255
254
209
258
216
274
236
242
263
249
205
209
234
246
208
281
186
227
256
198
185
210
223
207
194
198
258
239
268
261
197
260
269
252
266
334
236
272
227
285
184
209
204
237
277
286
213
169
170
252
304
253
200
168
228
209
205
219
150
279
267
278
311
273
255
268
231
234
295
227
251
223
269
247
247
231
228
282
194
324
194
214
221
263
238
218
295
261
236
217
228
236
255
172
177
172
308
263
284
250
251
307
234
193
250
244
263
342
204
219
247
150
241
215
188
203
237
281
264
175
197
218
183
201
283
260
229
226
251
260
327
235
212
203
271
239
245
220
290
248
243
218
269
240
305
271
254
221
285
244
236
192
228
