184
160
153
132
164
200
159
144
165
209
168
162
147
221
168
216
161
168
204
177
168
176
188
153
177
153
171
176
185
181
212
126
209
114
195
147
168
158
182
185
223
192
155
195
128
169
184
213
135
193
200
208
192
172
134
145
183
176
157
170
91
181
192
159
157
180
217
173
126
127
159
156
113
145
149
192
218
186
191
202
185
177
150
225
168
149
195
161
173
126
143
217
143
180
177
184
203
187
157
177
140
201
154
154
166
134
127
202
218
172
175
145
187
201
143
182
173
178
170
212
121
219
142
190
142
110
139
162
153
159
106
182
209
145
177
174
127
162
173
171
173
147
127
170
187
194
133
150
161
170
156
213
173
198
126
211
139
193
166
162
151
192
190
158
147
124
177
126
163
152
164
190
170
192
194
232
129
180
198
168
196
179
128
120
140
147
183
198
217
184
199
172
162
151
155
157
124
204
226
183
223
172
193
149
123
149
122
153
134
197
206
191
186
175
111
173
155
140
193
131
145
141
143
175
174
165
77
211
178
212
176
158
200
184
181
178
131
184
197
138
179
191
133
205
181
119
150
140
137
159
144
151
162
167
146
151
164
212
150
164
164
135
210
155
160
171
190
214
194
143
194
195
188
162
111
154
227
182
142
122
195
214
172
144
156
182
177
131
159
119
187
204
204
150
145
147
78
176
139
159
138
192
207
147
183
99
120
180
233
156
158
152
116
186
214
141
148
183
186
161
142
213
173
149
176
188
175
153
155
157
184
123
174
144
142
161
161
163
176
177
183
206
154
171
185
201
161
152
175
183
148
124
195
163
187
167
147
229
167
172
180
172
162
142
135
196
229
113
168
175
165
150
157
145
141
167
188
175
179
159
114
60
171
219
167
167
106
161
131
175
183
191
205
160
177
193
176
150
136
154
137
178
85
127
191
138
216
148
143
85
146
156
162
201
143
162
150
164
167
181
156
206
112
164
153
175
158
220
180
218
185
116
211
144
183
187
122
159
122
154
130
126
210
86
167
106
185
187
168
142
168
200
169
160
180
159
148
187
174
192
231
175
147
166
172
197
203
183
188
152
168
135
163
226
188
163
152
214
165
189
145
114
164
143
153
180
151
150
150
119
152
186
185
191
169
179
191
120
172
174
