300
330
293
258
248
265
276
312
307
248
281
295
299
276
273
251
236
277
297
258
293
276
286
299
270
252
291
267
247
266
289
311
255
226
287
270
246
256
312
268
333
249
262
270
289
257
305
318
242
312
254
312
252
246
273
251
285
288
321
318
267
275
296
283
289
300
295
252
264
278
267
251
274
268
281
312
259
308
298
271
251
309
269
246
308
218
283
255
256
258
260
277
324
283
293
283
284
300
235
317
302
256
282
231
292
287
298
314
290
228
277
292
326
346
301
296
289
305
279
280
267
284
284
318
286
266
243
331
278
271
295
260
291
220
241
305
247
320
299
256
299
255
250
300
281
256
275
272
264
256
275
266
311
271
303
290
284
271
271
287
273
238
308
258
243
270
297
342
226
320
273
308
253
318
303
274
253
265
323
288
292
238
276
284
269
337
263
300
281
253
290
247
307
291
305
295
272
305
282
264
271
348
263
284
310
319
312
250
264
269
274
282
304
316
305
245
263
287
259
292
257
306
300
265
285
266
265
267
322
331
281
243
228
268
301
252
292
255
236
298
294
288
285
292
270
331
246
295
285
276
331
285
273
310
244
284
273
319
278
300
318
261
305
337
301
308
279
291
293
267
330
310
266
267
286
265
274
279
246
299
278
225
266
289
299
286
249
228
276
279
283
282
221
299
287
291
252
291
308
280
260
217
293
338
250
311
244
314
280
299
313
276
266
284
324
274
309
252
279
289
314
269
291
257
246
263
297
283
280
332
320
284
289
244
247
268
322
251
288
289
268
255
276
308
248
271
288
311
295
300
319
281
320
279
256
289
304
272
334
275
282
272
273
281
278
316
337
257
339
274
271
275
287
273
312
287
285
254
275
249
310
310
287
277
294
274
288
296
326
287
278
245
231
319
267
299
263
296
280
325
318
279
296
289
276
269
275
258
267
303
273
289
327
249
262
302
313
304
315
297
281
291
336
273
277
301
291
281
285
299
285
276
277
278
254
298
286
316
288
290
306
304
301
314
221
301
245
283
246
257
295
261
278
304
270
278
299
269
293
294
284
242
263
257
360
283
258
321
269
311
273
302
304
297
284
298
292
246
306
284
278
267
304
269
301
309
268
277
289
278
295
246
288
272
245
311
272
263
294
287
