441
451
370
378
407
392
341
372
455
364
422
369
453
434
419
385
436
469
364
380
436
500
407
423
413
363
473
402
420
328
509
427
318
453
428
387
356
243
316
350
288
464
444
352
342
400
310
387
484
415
400
373
276
385
389
381
418
504
429
362
259
365
374
413
333
448
421
325
419
464
409
423
356
427
476
362
500
402
417
305
254
475
388
425
405
375
416
397
410
510
403
374
473
400
362
463
351
431
338
412
364
317
381
423
458
386
406
334
409
360
442
474
376
422
527
429
423
496
339
408
485
430
387
460
438
312
310
480
459
505
453
348
365
436
408
491
388
419
411
367
552
370
347
403
374
433
471
375
420
431
420
416
399
434
398
302
372
386
327
437
406
359
274
461
349
386
428
407
310
319
521
435
343
332
398
385
458
478
444
381
403
332
308
357
466
403
443
392
422
374
372
409
387
350
308
488
404
457
441
440
501
295
402
433
402
332
420
373
478
376
344
412
456
408
487
345
368
365
314
421
431
396
386
361
465
377
391
401
354
403
430
437
423
327
439
341
434
439
423
422
363
443
431
319
477
364
413
478
431
412
321
398
405
456
338
481
413
363
397
410
417
482
420
363
290
447
405
369
333
360
512
395
253
393
341
268
353
486
453
359
356
406
471
373
442
394
427
404
506
398
481
477
411
461
487
399
395
436
400
378
414
326
442
396
417
316
372
380
503
437
379
483
388
378
409
441
476
580
420
442
373
310
322
415
403
507
402
354
411
449
479
451
404
522
412
323
475
408
374
304
385
267
482
477
377
382
352
370
544
389
403
378
356
417
545
361
411
402
400
541
331
403
443
346
369
399
407
464
312
419
408
360
449
393
458
448
436
343
448
337
398
454
366
380
422
601
376
367
408
385
489
336
454
288
365
358
447
400
354
432
423
375
413
450
417
523
453
556
440
489
379
413
445
378
414
390
331
470
369
463
404
424
423
430
408
475
420
347
486
359
362
411
416
421
443
500
507
375
376
408
505
402
348
377
390
389
394
352
386
367
320
430
404
395
384
330
395
443
397
496
354
394
400
356
431
387
391
413
379
418
427
480
441
393
483
403
477
460
399
396
392
454
432
420
282
454
331
476
426
380
364
313
483
375
369
327
484
385
385
451
