417
290
407
316
295
429
328
335
346
321
372
343
406
375
309
251
259
323
238
272
327
282
331
305
429
358
312
337
365
321
367
323
323
412
389
333
337
329
311
299
336
298
352
298
387
320
350
323
274
370
337
388
446
327
352
395
317
274
299
291
326
350
351
344
309
333
329
355
375
345
340
322
268
314
311
311
403
246
343
255
296
310
425
348
314
398
318
378
378
324
318
426
233
387
384
273
344
348
411
389
286
375
339
317
286
293
348
451
360
328
366
357
252
346
302
335
376
356
342
281
274
306
336
357
352
324
338
412
258
281
265
347
290
368
342
344
359
390
259
325
326
292
370
396
287
347
282
311
373
341
355
321
312
397
313
327
360
328
376
322
373
386
378
304
439
350
365
375
287
357
317
332
391
401
403
325
351
319
370
377
296
457
317
303
367
252
314
414
338
369
352
371
400
358
368
293
320
328
320
326
210
364
238
339
287
316
349
348
337
296
333
347
275
327
367
276
312
331
340
305
419
286
387
333
272
374
451
372
434
267
377
334
341
364
337
246
338
284
405
285
321
422
297
351
294
266
292
267
378
339
297
387
319
371
444
283
316
389
294
394
393
401
309
347
320
313
356
294
346
327
339
374
319
345
366
322
390
371
374
400
231
339
329
268
246
392
332
369
315
291
349
299
375
310
364
302
294
342
295
397
262
390
359
265
382
399
336
348
303
310
387
334
316
411
221
252
268
385
409
340
320
365
313
339
344
347
293
304
257
353
352
400
308
354
340
331
353
369
278
421
306
358
305
364
297
324
392
295
387
336
320
311
364
357
350
313
316
374
382
285
356
398
289
384
323
433
421
391
339
361
422
331
391
385
329
349
317
381
298
276
343
410
256
349
256
290
345
365
339
400
256
411
367
424
370
338
332
219
312
388
419
330
339
378
330
285
302
338
297
313
397
399
329
325
292
384
285
391
310
389
377
366
288
286
385
297
319
364
363
341
331
307
397
295
294
395
324
316
357
347
341
348
323
306
371
370
361
323
366
332
394
326
236
333
307
280
248
290
382
313
319
290
381
376
305
356
331
322
335
286
405
326
402
331
356
311
346
337
339
348
324
285
351
343
267
336
333
397
263
327
329
382
350
274
367
355
413
287
338
312
