85
105
103
107
103
81
96
114
104
109
97
92
106
96
106
98
96
78
98
105
99
92
111
102
109
85
93
99
109
87
99
93
92
90
100
98
99
93
104
98
105
95
92
90
85
88
90
95
95
80
111
96
89
101
87
100
90
89
105
103
74
100
100
106
86
92
117
105
112
102
93
90
93
93
101
107
89
101
103
83
108
79
109
104
92
106
99
96
89
110
107
109
107
100
87
92
86
104
99
85
102
103
108
88
121
82
100
107
96
84
105
93
91
97
104
93
92
90
93
107
86
106
90
72
104
86
87
80
99
89
83
105
94
93
94
96
99
95
99
106
96
78
106
106
92
95
81
93
94
98
80
102
83
84
92
90
114
98
93
112
99
77
103
92
106
109
89
88
101
100
89
102
89
96
103
89
97
116
91
85
93
88
85
100
98
104
89
97
92
93
94
98
98
92
96
90
107
97
95
103
87
100
92
92
103
102
91
85
98
113
93
84
101
104
93
95
102
92
89
104
93
95
95
105
95
91
98
99
85
95
108
88
92
110
91
106
79
113
91
110
83
89
90
86
94
84
101
107
80
91
105
108
102
85
98
98
99
80
101
97
108
93
103
89
94
100
95
90
100
108
88
83
96
89
101
112
102
97
102
89
96
87
97
100
100
99
92
99
95
93
98
91
88
105
101
86
99
92
85
94
96
102
97
73
91
93
94
88
85
93
98
107
96
116
107
84
107
100
101
87
85
99
93
89
115
80
80
91
99
101
97
99
99
120
100
82
79
111
101
102
110
87
97
112
89
104
94
86
96
99
110
99
91
89
82
96
83
113
117
100
89
101
100
98
95
95
106
105
101
92
104
114
89
101
102
93
98
93
94
119
86
107
112
100
102
101
99
81
92
85
96
100
102
94
88
89
105
90
97
108
104
99
104
105
93
99
91
107
71
100
82
78
87
87
110
88
111
109
94
95
90
93
94
91
81
108
85
105
91
102
103
90
77
98
104
95
108
103
100
95
114
96
83
90
83
114
104
91
83
110
98
87
97
93
91
96
107
102
84
95
91
106
99
84
105
100
94
109
87
95
112
109
106
115
82
98
100
88
96
98
104
98
97
93
97
96
89
101
86
95
90
78
101
96
110
93
104
101
91
102
