306
266
228
291
324
290
232
306
238
257
250
260
287
234
316
283
229
258
247
307
259
249
346
242
260
329
226
286
231
247
301
231
256
329
321
231
250
239
282
255
267
285
261
301
327
276
319
263
234
317
181
325
239
280
305
264
242
241
279
323
298
252
286
257
302
272
263
225
250
228
291
244
199
311
223
262
252
240
242
285
239
285
289
201
298
262
198
263
311
250
358
277
254
264
248
268
226
285
303
311
285
305
305
256
296
273
288
270
272
263
241
244
327
290
325
255
284
275
259
233
253
266
258
335
315
316
343
358
273
255
369
280
274
327
215
218
264
257
285
267
297
279
255
240
271
188
373
315
272
267
198
234
205
287
258
311
286
257
352
241
313
293
288
225
273
191
261
235
198
249
238
307
246
314
298
276
258
264
326
267
300
245
241
276
292
264
316
263
338
233
242
306
282
337
243
239
242
279
311
279
327
319
308
345
255
294
292
304
332
294
312
322
266
317
353
230
252
276
253
228
252
280
345
348
240
313
273
280
280
293
249
251
291
333
252
263
252
209
306
245
318
262
264
231
260
252
240
289
246
316
243
199
246
261
285
273
302
282
256
292
249
266
268
247
283
283
252
261
278
254
353
266
206
255
226
292
200
254
298
250
316
260
288
237
305
312
282
247
284
291
335
223
363
306
252
250
237
266
314
230
354
266
239
275
230
274
299
224
237
289
345
329
299
305
220
279
288
278
275
266
291
299
211
235
291
297
325
240
242
266
260
222
240
230
236
238
335
230
322
244
277
265
275
295
273
308
300
261
367
253
303
282
277
250
301
266
282
295
287
300
250
244
306
295
307
268
266
261
296
318
214
288
291
230
232
258
335
275
280
271
247
251
316
312
280
280
302
278
225
289
266
307
275
269
258
255
305
282
321
312
278
344
306
261
278
255
227
301
230
291
288
174
231
261
217
264
280
273
245
265
328
312
280
306
315
308
205
201
294
260
249
255
252
299
271
283
284
225
240
303
298
300
279
236
280
316
326
277
296
277
306
269
294
311
288
286
233
274
315
276
230
297
317
265
274
305
231
292
282
269
278
280
343
259
271
273
296
282
257
288
323
232
272
289
256
234
280
310
304
284
242
327
257
275
304
301
301
277
262
264
