452
462
459
447
501
478
435
503
460
483
502
447
485
462
528
507
547
432
453
466
516
555
482
543
524
458
493
499
508
504
469
522
431
408
500
486
511
450
550
429
400
537
482
496
479
542
493
464
440
476
471
505
461
483
451
458
520
481
490
502
468
505
470
441
436
488
511
546
496
507
500
489
418
539
534
471
426
486
450
466
496
484
496
504
479
509
488
514
477
486
501
467
488
479
429
474
507
481
481
508
564
468
487
484
477
539
443
460
445
461
480
546
492
522
503
477
511
489
495
502
511
483
471
540
423
487
486
577
473
521
535
488
514
528
467
508
481
511
480
451
450
464
528
423
487
443
503
508
533
513
473
483
469
507
472
505
402
499
399
536
490
495
476
416
465
468
504
461
494
488
442
480
431
500
446
494
446
509
556
511
487
483
459
434
546
467
455
480
458
449
488
457
447
441
422
497
523
514
479
468
413
439
489
478
521
503
407
514
461
491
444
486
457
502
535
500
474
486
505
482
489
480
496
505
498
502
531
466
475
521
450
501
461
513
544
498
509
555
488
514
446
462
569
485
508
490
473
560
510
524
428
497
487
458
471
449
482
484
437
502
493
441
504
420
490
518
472
503
467
484
457
493
502
460
483
471
464
441
502
510
445
494
438
487
528
501
406
482
500
533
528
491
544
492
458
461
475
492
434
468
464
466
521
461
476
450
466
488
482
497
461
462
456
509
503
514
486
489
551
480
469
400
484
492
439
512
508
475
463
468
504
494
527
483
461
489
524
506
497
443
484
445
489
445
476
520
490
545
508
448
465
464
492
506
473
477
484
502
534
453
506
459
520
486
546
498
479
513
488
533
491
396
487
459
513
444
552
459
540
564
510
507
503
499
491
495
495
477
497
444
513
459
478
477
524
516
506
493
457
471
503
475
493
506
521
483
484
527
419
484
508
485
465
511
494
563
427
487
489
455
535
510
471
517
502
450
494
460
484
533
479
414
494
501
460
478
501
487
450
465
435
459
405
489
484
443
547
486
470
485
440
472
501
504
512
465
476
452
529
543
488
470
446
560
418
464
524
468
478
515
417
470
513
518
561
513
454
546
428
473
502
477
523
538
521
465
433
534
570
475
507
465
453
460
515
499
519
477
519
508
