78
93
95
69
87
73
70
77
79
86
90
71
57
75
95
68
71
78
88
88
66
79
73
91
42
53
75
66
81
83
70
81
91
77
80
91
94
63
67
68
59
55
67
85
78
66
68
66
83
65
56
68
82
74
95
74
69
80
60
72
87
77
77
85
91
67
70
78
58
85
80
71
52
70
79
48
85
73
82
85
68
80
71
83
79
68
68
72
74
88
75
71
95
87
89
73
94
67
92
78
68
62
79
81
66
62
76
83
68
60
72
83
75
59
93
66
62
85
89
71
51
78
102
85
62
62
74
91
80
63
71
58
69
87
59
57
62
58
70
72
85
67
66
80
72
64
79
75
75
105
76
73
97
76
73
68
69
97
79
79
84
90
84
77
83
80
74
83
92
57
78
68
89
65
68
79
65
50
78
81
58
84
44
78
65
60
71
89
94
69
73
88
72
85
62
64
84
86
64
82
49
71
98
76
74
114
69
66
82
70
91
75
86
86
55
96
79
73
73
93
85
60
78
68
66
90
87
81
91
41
85
74
64
73
88
89
74
66
86
91
71
75
76
84
85
66
75
65
73
85
76
86
70
76
67
71
78
87
86
88
78
66
57
66
65
68
72
96
64
73
60
91
84
77
65
74
69
73
68
77
68
59
73
55
65
79
69
60
65
68
51
74
85
79
80
77
72
93
64
73
85
69
72
84
73
78
46
61
81
82
63
65
81
81
69
76
77
71
81
73
84
73
80
70
78
64
77
75
85
55
95
74
68
61
71
75
63
69
77
83
83
78
81
80
71
89
83
71
76
75
75
58
72
72
78
80
66
73
61
65
65
85
82
68
73
70
87
71
88
75
78
85
81
72
74
79
67
70
87
71
63
51
82
62
57
70
90
78
82
74
74
79
71
62
69
79
73
81
66
79
50
67
57
94
74
68
85
67
68
86
78
81
57
74
67
68
65
71
54
88
67
86
78
84
57
73
73
72
80
65
87
67
85
63
60
67
66
64
52
79
63
75
70
81
72
66
78
73
74
81
82
81
83
63
82
76
84
96
92
84
74
81
82
86
60
75
69
57
84
86
81
64
82
68
79
91
75
57
64
94
86
77
77
76
79
93
85
75
85
68
88
50
68
72
70
82
61
54
66
56
