330
301
239
260
271
252
290
269
299
296
311
289
222
330
266
286
260
235
252
247
266
220
306
252
301
194
251
262
312
308
241
272
238
262
260
274
269
306
319
272
279
252
230
232
254
276
277
311
257
219
336
314
285
257
269
223
292
223
264
274
240
250
314
286
276
222
242
265
301
206
250
271
233
271
257
255
296
245
284
284
216
262
322
225
279
368
271
305
297
288
340
277
251
265
338
270
266
246
231
266
267
280
286
275
291
232
294
268
258
260
325
305
246
307
320
304
258
280
233
280
276
263
269
264
299
285
256
283
270
242
290
250
312
271
292
259
241
294
306
263
276
255
278
313
261
252
237
305
272
241
265
289
274
321
257
246
336
259
213
270
261
283
263
288
281
288
252
231
244
298
261
272
336
276
271
256
280
284
318
262
288
293
313
245
276
294
270
268
312
238
250
301
258
246
251
265
237
285
310
255
285
280
296
316
296
254
273
270
280
271
242
281
252
270
300
319
266
252
291
260
282
305
281
294
224
219
259
287
324
290
285
297
303
283
279
269
260
247
250
305
298
305
295
321
266
274
274
331
283
264
317
291
298
321
279
291
279
218
237
315
339
256
308
288
280
295
299
282
249
279
287
272
252
273
283
265
240
278
268
334
273
316
228
282
271
244
270
268
283
229
257
273
326
266
289
306
275
259
305
209
309
322
273
231
299
248
288
233
253
251
263
290
271
258
308
261
250
250
290
218
268
259
206
331
245
216
283
314
324
307
275
271
257
305
294
277
267
286
301
223
286
269
265
248
247
331
278
259
229
309
286
272
286
225
320
306
255
286
303
236
298
274
298
259
247
281
304
295
246
300
263
312
290
285
240
277
254
282
293
254
244
310
254
278
254
252
274
297
257
303
279
265
254
281
345
253
274
260
266
289
254
215
315
312
267
259
338
270
277
233
271
272
263
263
272
242
346
318
308
281
241
318
276
273
283
222
298
282
317
325
302
309
269
341
269
255
289
274
258
281
295
317
305
258
312
288
288
288
271
299
313
303
282
287
275
246
261
272
333
225
237
289
295
264
248
305
303
277
305
297
286
300
288
269
270
304
266
297
285
281
250
253
246
194
277
317
258
304
255
262
269
256
290
320
291
290
257
269
232
270
