413
389
348
386
423
435
359
369
370
412
351
330
459
406
388
407
365
462
399
356
378
350
387
411
392
392
420
426
327
419
317
406
369
443
348
406
332
345
355
443
273
394
357
395
394
420
374
381
377
410
374
361
352
478
379
349
336
361
445
330
356
354
467
393
347
436
416
420
372
397
383
406
348
400
389
370
367
463
482
413
390
324
348
414
385
429
282
329
435
335
355
468
411
368
354
433
394
369
343
308
331
378
372
409
417
311
441
432
394
307
359
302
375
405
344
480
418
363
380
464
408
431
405
289
320
351
284
370
299
383
354
360
345
336
316
407
318
444
353
365
421
368
341
354
415
431
386
446
381
411
406
464
467
390
412
411
425
357
363
367
345
303
411
399
387
439
370
381
376
409
401
365
424
297
440
296
312
392
375
380
343
435
425
361
482
456
375
302
391
370
384
372
389
352
373
351
348
338
340
329
428
397
408
384
363
464
352
383
406
382
405
502
396
347
409
347
356
385
325
384
419
381
431
379
361
389
332
317
421
352
380
320
403
423
350
274
464
395
402
360
332
424
337
346
425
381
297
371
299
339
423
369
490
381
337
373
458
344
348
342
397
312
405
372
390
287
396
436
369
411
451
351
465
410
376
343
400
411
357
371
432
356
436
366
448
461
378
375
366
443
412
371
400
385
422
450
417
385
356
524
371
385
414
391
363
476
424
393
366
404
351
370
350
431
444
408
343
388
371
388
370
486
394
412
412
357
378
346
361
404
450
494
265
400
370
405
422
358
361
373
361
399
408
413
429
441
348
462
423
373
324
448
371
350
437
324
363
363
363
348
404
366
358
337
405
387
374
457
439
288
497
357
433
339
432
373
368
330
369
425
404
398
369
380
362
341
367
351
389
407
409
437
357
415
447
447
369
377
418
393
362
406
390
413
449
404
359
325
388
360
400
404
330
443
322
440
376
368
476
392
328
411
328
389
370
401
338
420
342
368
426
378
435
495
420
398
445
426
418
402
371
423
306
423
407
390
398
433
380
395
391
361
390
347
394
379
283
361
440
360
404
393
367
394
404
390
336
370
407
381
425
345
385
376
367
418
418
387
338
416
397
367
380
396
357
388
337
398
388
343
352
365
429
357
481
329
436
404
363
399
