283
249
238
263
283
263
241
219
218
382
292
317
277
292
270
213
248
274
181
239
246
292
264
283
245
238
232
334
281
247
281
266
217
297
233
271
305
255
304
238
211
225
223
240
262
206
293
242
226
224
246
270
262
219
279
222
259
316
212
266
210
288
298
239
258
228
245
192
276
226
259
223
281
256
222
296
278
315
295
271
292
214
287
305
273
291
283
212
273
224
302
297
233
247
219
277
265
343
321
257
188
243
277
272
222
295
184
219
334
226
295
267
306
267
264
275
209
211
269
286
230
278
237
274
304
291
294
267
248
253
219
252
300
268
327
253
240
362
249
239
319
284
252
219
227
274
253
245
262
244
375
271
252
244
268
318
217
258
286
261
238
190
296
322
271
252
251
273
272
360
257
245
254
261
309
264
244
194
293
265
300
280
266
296
265
316
305
190
301
330
273
191
264
238
295
343
217
286
202
323
290
296
263
270
291
277
274
240
238
238
225
310
317
211
327
239
279
322
329
293
308
330
276
228
263
283
248
267
294
247
313
268
281
303
238
271
288
308
309
312
240
306
238
310
270
363
268
300
294
232
253
284
235
296
238
251
333
239
244
288
256
286
213
293
269
249
329
229
307
294
332
223
267
287
354
305
361
263
271
297
268
256
223
265
246
267
245
254
306
230
275
221
251
312
256
237
271
226
310
195
311
234
275
299
276
262
260
308
275
211
294
273
308
266
275
265
318
220
251
281
198
298
268
299
214
294
301
280
307
302
285
251
217
275
312
274
254
256
331
326
300
265
290
248
232
259
285
246
288
244
205
282
323
328
232
228
285
259
258
250
291
285
235
286
225
312
246
263
253
283
216
305
278
244
309
277
292
209
249
254
199
274
207
265
298
243
226
259
291
270
265
258
224
319
356
274
295
263
249
194
240
225
248
290
246
311
229
201
243
233
288
302
245
273
277
274
375
226
285
250
190
268
247
212
248
217
287
281
198
227
272
246
236
274
270
204
318
305
277
270
325
267
283
291
238
323
303
248
249
232
250
271
301
253
228
221
250
292
217
272
315
283
314
265
261
204
279
266
275
215
212
240
283
307
253
245
200
262
248
212
281
237
346
319
270
256
278
259
221
221
198
271
283
306
234
269
290
255
292
260
