329
333
298
265
261
308
327
360
333
316
314
335
285
339
365
330
371
283
310
339
326
315
294
337
308
313
355
294
291
311
345
337
315
290
317
366
321
335
351
293
322
326
277
301
308
325
282
266
330
354
368
332
332
336
327
311
343
227
274
325
368
273
347
320
329
320
321
302
352
340
290
324
370
285
291
316
316
309
339
367
324
325
319
315
330
339
314
308
316
338
266
282
326
295
279
355
307
267
357
327
340
289
284
343
276
407
304
314
279
322
311
282
296
352
329
283
352
281
286
301
319
331
305
339
263
272
322
313
320
338
281
315
287
312
320
309
357
345
324
321
331
355
322
312
352
341
369
323
240
355
326
299
352
281
294
300
317
268
294
359
314
238
340
247
321
369
300
299
346
265
325
264
343
361
323
318
276
288
306
335
356
369
287
307
321
349
287
313
337
335
293
381
297
333
271
243
270
295
324
287
346
285
352
350
334
291
312
271
307
281
301
333
310
289
348
336
353
297
339
333
338
214
265
345
336
286
316
263
291
367
337
353
309
322
305
292
377
330
319
359
334
345
343
279
387
370
278
312
257
298
260
320
337
352
301
293
322
292
333
273
297
306
327
311
354
347
355
344
301
247
313
316
261
359
279
289
305
313
296
347
294
347
316
303
337
300
304
308
310
312
283
287
294
264
355
315
354
278
386
317
318
331
304
348
298
289
291
352
276
327
263
270
279
343
329
335
343
312
306
375
299
366
360
295
290
360
275
279
362
359
318
316
336
335
350
317
326
315
345
288
301
271
368
298
269
296
326
264
309
309
283
401
395
264
283
287
291
329
305
300
346
328
352
321
301
347
331
285
310
389
351
338
289
349
299
316
257
321
317
312
280
363
343
258
364
362
215
315
350
360
296
311
314
283
297
302
343
302
293
281
346
313
326
289
309
258
344
274
268
293
321
294
334
305
274
314
295
326
290
317
360
322
318
319
332
311
290
307
295
321
368
283
284
293
355
307
264
315
313
334
365
320
304
271
257
324
306
313
339
323
249
322
328
289
370
294
274
378
305
292
306
312
290
302
322
373
271
316
253
297
305
320
337
264
384
304
303
339
299
299
320
318
263
332
286
292
346
302
324
346
362
249
316
335
347
345
336
272
273
379
