454
548
459
461
407
483
424
459
456
450
476
389
440
465
403
457
403
454
469
366
444
447
452
509
462
431
496
381
502
500
446
420
371
481
526
394
413
472
419
460
396
473
387
472
494
471
468
456
428
458
455
419
492
411
452
405
436
431
490
489
481
375
372
503
450
374
399
373
387
413
399
422
475
398
508
522
443
435
420
438
481
368
414
481
442
430
420
426
369
411
393
451
395
411
441
492
426
500
368
328
375
418
501
418
525
477
362
395
418
395
432
473
414
462
461
418
425
497
441
477
404
443
417
474
436
437
391
442
361
441
424
485
491
447
477
461
441
444
448
487
519
486
443
355
443
416
402
415
378
489
462
441
416
407
425
518
370
359
403
397
455
411
463
418
466
460
494
428
488
497
348
401
421
436
473
320
478
470
442
529
549
392
461
399
534
471
448
411
384
440
460
372
420
417
499
436
516
499
439
518
459
365
481
541
413
454
424
400
448
394
457
377
515
415
497
442
422
457
411
416
421
453
361
378
468
301
483
433
404
392
513
421
419
337
419
403
371
371
379
504
409
532
426
472
399
334
388
459
466
416
496
552
455
484
473
490
444
441
381
481
416
411
491
337
435
446
407
387
407
496
478
503
432
403
413
404
426
412
392
441
468
452
440
447
433
467
473
477
440
440
401
352
424
478
499
434
387
438
462
344
453
398
568
481
498
482
455
429
439
401
470
468
470
357
426
460
452
442
433
350
448
470
369
450
484
443
481
548
364
515
439
346
465
376
405
432
499
485
419
508
465
445
483
361
442
431
445
486
341
479
428
369
355
467
427
466
362
357
352
337
418
427
431
466
430
490
326
412
433
446
419
387
455
423
404
391
501
448
411
383
373
465
430
439
436
407
436
423
467
464
471
472
346
393
460
445
365
528
391
376
488
368
377
504
454
440
452
445
410
442
415
440
395
454
362
473
461
393
353
394
453
384
463
426
421
422
464
422
426
427
502
399
454
431
342
492
401
463
443
473
410
475
416
475
458
445
435
504
463
471
376
501
430
449
496
423
439
341
423
405
474
342
462
426
389
444
442
437
452
465
395
387
427
428
517
499
424
468
425
404
473
411
465
391
333
478
412
429
442
409
454
470
524
461
511
347
521
412
358
431
