374
270
237
304
269
311
275
242
360
241
338
328
335
253
308
313
347
274
239
339
368
348
318
345
314
286
322
356
281
259
316
358
370
322
334
284
299
246
306
306
356
263
243
254
326
286
363
311
357
326
350
313
260
338
321
302
348
374
316
245
336
265
317
257
347
296
238
315
235
269
343
382
271
369
322
336
344
289
318
301
288
289
325
303
276
369
328
362
280
345
323
397
296
331
347
340
318
303
386
301
230
332
420
287
343
354
251
353
272
294
299
420
324
345
375
302
332
274
329
283
344
331
313
355
384
361
348
297
294
296
276
233
395
316
337
322
318
309
342
277
307
287
287
347
332
352
306
335
360
337
303
317
298
275
275
335
339
291
303
340
322
337
338
340
326
321
369
359
313
313
393
376
301
332
267
329
302
248
365
295
295
260
310
306
296
323
275
351
338
310
355
320
352
344
335
287
360
276
304
342
319
251
336
291
400
290
287
319
316
306
344
261
247
319
308
363
262
361
329
266
332
302
328
344
282
268
269
369
341
296
273
349
334
335
339
196
344
342
337
304
343
321
352
332
256
279
337
266
295
371
287
355
297
321
217
271
371
304
300
389
335
290
228
269
257
347
250
271
330
277
319
217
338
322
319
220
274
367
312
343
326
268
350
193
317
303
274
335
409
285
334
393
325
284
306
303
355
348
337
322
316
331
306
314
336
330
432
332
244
322
321
333
345
375
364
273
372
400
260
286
303
378
334
258
325
318
361
281
288
328
342
300
351
304
294
368
313
343
359
324
339
303
282
249
294
291
309
320
315
320
298
348
259
342
306
272
332
338
330
342
298
322
335
316
301
273
283
225
259
358
377
304
338
297
296
404
369
348
324
348
346
339
240
287
297
291
287
263
380
329
330
293
409
286
359
383
254
292
340
241
328
330
353
332
346
295
341
365
319
340
346
350
328
277
278
268
347
305
295
330
342
268
337
253
287
308
315
335
352
286
310
344
369
271
273
295
318
301
335
317
280
302
379
345
348
279
300
315
337
342
310
299
397
304
211
325
306
307
336
371
304
341
285
364
334
295
323
276
218
271
350
311
282
370
376
289
343
330
309
309
334
279
265
402
335
371
355
268
276
427
377
277
320
276
295
263
347
322
385
316
