187
227
209
173
169
197
154
173
254
224
175
204
197
218
194
192
195
147
176
135
194
206
209
179
202
153
197
164
187
179
205
188
163
170
203
182
155
191
164
231
211
151
189
183
195
197
168
200
173
212
225
161
146
186
202
155
222
226
187
195
173
176
194
175
208
215
190
178
210
186
166
203
147
185
177
162
183
193
156
206
246
215
172
233
175
215
210
159
210
232
157
178
206
167
198
212
213
193
184
218
206
211
224
229
175
221
204
188
158
247
182
245
204
222
130
199
228
142
208
199
227
179
165
188
161
184
217
217
218
182
182
188
214
178
195
229
206
212
234
178
199
196
241
209
215
196
197
160
190
211
238
213
196
198
218
187
182
211
212
161
154
177
157
216
205
206
219
221
164
160
178
221
175
225
179
216
145
190
170
173
182
219
219
190
152
211
148
222
198
195
206
232
184
227
205
174
208
209
181
170
196
222
186
166
213
220
184
211
173
199
143
183
228
151
174
203
233
227
155
184
189
173
169
161
193
199
199
183
169
204
189
218
201
215
189
182
191
171
171
156
169
208
199
195
235
217
157
157
185
219
206
192
195
184
223
218
170
196
167
208
217
173
226
175
136
180
208
189
159
169
172
186
189
155
182
162
159
204
193
213
217
183
171
206
229
141
212
200
190
190
182
157
166
181
219
201
219
204
211
234
160
179
193
180
190
194
249
217
190
139
171
183
185
176
167
179
240
163
185
195
202
225
196
147
216
175
181
166
173
227
213
217
192
186
182
195
171
157
197
172
208
190
183
209
206
196
204
229
224
249
218
183
167
187
188
164
165
192
166
228
194
183
179
187
154
219
183
187
209
178
159
202
185
199
213
179
201
223
211
203
202
205
153
205
179
163
193
146
157
222
217
230
170
207
194
196
188
212
159
227
177
182
198
184
188
169
218
199
183
241
210
194
170
170
186
181
162
196
201
196
200
150
193
192
188
221
216
203
182
220
184
144
203
200
189
193
192
179
214
221
247
214
208
163
175
158
181
169
173
177
209
158
221
231
226
205
213
200
201
174
170
148
225
194
173
216
180
209
182
184
208
210
205
205
182
202
165
158
216
221
190
195
193
196
181
216
247
176
204
223
140
237
223
156
203
205
194
213
206
200
