343
286
292
347
361
291
302
290
346
357
328
354
340
366
341
316
309
345
270
307
383
330
323
257
280
276
287
300
316
355
316
332
369
332
347
327
322
332
301
327
371
385
326
273
370
281
330
265
303
257
314
316
281
325
330
327
371
346
320
339
361
318
280
381
329
352
312
399
336
292
378
311
331
321
352
296
346
368
320
346
348
309
299
361
264
303
290
321
280
335
342
324
314
391
291
275
331
320
304
353
282
286
383
308
293
310
296
371
315
276
365
324
343
310
296
297
331
286
338
328
257
327
307
347
325
369
339
366
341
360
335
313
289
340
271
315
328
355
300
313
330
314
357
353
354
282
312
286
297
330
346
364
349
333
324
350
268
282
379
319
308
391
315
305
289
308
336
300
340
316
308
354
262
352
340
351
312
392
276
357
375
315
336
348
332
365
329
322
334
311
368
295
329
337
318
324
373
342
337
298
326
310
358
346
325
323
315
313
389
331
335
351
352
342
359
369
277
298
268
376
379
373
344
325
287
349
310
302
314
272
319
312
295
344
326
325
407
347
342
329
390
335
379
317
290
290
378
412
344
297
266
362
308
309
350
385
293
321
320
321
353
399
300
318
348
311
284
328
379
348
364
246
313
307
336
336
346
341
300
345
369
318
276
320
349
357
321
318
293
321
302
279
357
313
286
262
340
393
302
308
338
326
309
307
284
324
307
274
336
307
360
356
316
367
344
324
308
367
293
349
310
289
228
295
346
336
338
351
369
303
290
338
324
312
406
360
296
328
348
355
337
310
293
334
272
349
292
343
267
305
314
317
238
333
316
326
281
294
275
375
320
315
381
372
373
376
317
251
335
306
317
325
399
330
334
294
329
408
318
355
405
336
315
347
345
273
309
338
320
368
253
310
263
334
348
344
342
284
314
384
356
265
247
349
394
333
323
350
356
297
289
360
328
327
346
305
315
304
299
314
323
320
379
313
311
290
308
322
366
343
304
337
320
348
333
329
328
345
293
369
322
299
377
343
325
402
318
368
257
330
350
293
384
338
403
312
363
236
352
339
345
334
368
310
326
336
343
197
357
322
308
357
309
328
341
346
323
342
345
321
340
324
305
309
285
331
372
315
328
326
347
282
310
282
308
332
356
353
371
318
