265
256
234
234
235
288
266
273
252
259
276
241
253
224
246
215
244
231
230
247
206
228
202
241
233
231
282
192
231
264
234
252
223
240
216
216
245
266
258
231
266
193
257
215
222
216
243
233
258
235
217
236
221
200
233
247
207
237
246
232
220
211
250
224
227
233
240
215
254
224
243
243
230
258
255
201
204
188
266
233
244
248
242
232
258
210
289
222
222
245
224
230
205
254
204
197
231
210
221
226
237
256
220
223
267
258
235
248
221
190
225
239
194
209
258
280
265
243
254
198
204
252
190
210
259
228
236
225
281
274
217
227
229
281
239
235
233
210
199
230
241
226
214
253
225
254
227
205
191
241
228
221
224
242
265
216
252
233
264
257
200
212
238
290
218
244
227
250
215
248
277
257
203
247
211
254
241
243
248
245
222
191
252
213
255
228
233
235
201
238
261
236
256
200
255
291
228
242
235
274
249
246
219
251
262
258
176
197
224
223
251
231
222
231
239
294
204
249
220
271
231
212
204
278
228
253
260
241
276
255
247
225
225
227
251
224
235
212
226
226
255
249
253
220
252
249
237
265
246
237
223
248
235
251
211
226
236
257
192
263
237
218
240
232
191
243
237
241
226
232
225
214
232
228
189
220
236
220
240
218
228
220
234
231
277
200
219
227
220
210
247
233
238
235
206
226
271
244
238
212
249
234
189
246
214
282
225
225
245
257
209
264
245
245
231
240
235
206
253
216
230
240
220
242
234
235
163
230
201
252
236
260
240
223
240
265
221
210
239
229
215
295
268
228
261
210
205
238
237
246
176
247
263
220
197
232
221
237
252
243
211
229
242
269
266
242
232
213
249
301
267
219
209
270
251
251
238
249
244
251
271
228
258
219
226
202
261
233
244
262
254
238
291
256
210
276
252
233
222
286
247
285
219
206
240
227
247
226
241
262
227
230
266
225
238
274
242
226
214
209
225
250
226
198
227
238
232
250
235
280
234
196
224
206
262
210
189
216
247
225
234
217
253
226
223
244
244
241
224
262
221
271
251
210
248
234
243
233
236
224
230
217
218
240
187
243
225
242
209
221
238
258
209
249
205
252
257
200
194
213
236
223
253
206
266
211
240
283
197
206
210
233
208
234
219
263
245
249
254
250
