94
107
78
87
90
87
91
99
127
104
87
99
87
77
105
106
103
93
87
99
94
97
88
105
108
102
102
63
109
105
104
84
93
94
103
99
90
84
122
70
101
101
92
90
86
99
99
96
109
87
98
89
82
110
106
89
102
111
95
87
67
95
88
79
84
114
84
92
68
95
55
97
79
102
94
103
97
90
90
87
94
82
92
75
82
102
92
107
93
88
111
75
93
96
88
93
100
81
106
103
96
79
86
96
79
89
92
108
109
95
108
73
95
86
81
97
72
93
107
107
96
96
116
95
119
113
92
100
98
113
83
82
98
98
112
110
62
101
84
88
71
106
79
70
78
72
97
95
83
86
77
101
95
88
95
82
87
91
124
103
96
107
89
95
104
79
116
85
71
123
60
95
75
100
98
99
94
106
95
97
72
105
100
97
88
74
93
115
105
84
98
90
105
82
91
100
100
96
88
98
88
75
108
77
90
103
76
122
92
74
107
78
85
96
109
102
106
85
102
97
100
110
107
86
88
92
86
81
82
78
98
88
92
99
110
103
110
84
73
112
76
80
95
87
101
89
82
103
97
84
81
109
89
118
95
109
92
87
80
102
92
109
109
84
105
107
111
100
101
97
67
109
71
81
98
101
98
92
113
95
106
109
103
66
99
67
114
88
70
107
114
90
74
114
111
104
79
83
94
106
93
99
82
86
90
85
71
72
78
106
110
97
104
71
81
80
97
98
90
99
89
74
87
103
99
106
115
81
92
107
80
85
91
57
111
112
94
100
70
102
97
79
74
89
105
105
84
88
77
93
89
92
119
109
108
92
91
81
114
97
113
96
85
84
89
87
93
107
95
87
83
103
80
83
64
71
88
91
100
89
107
79
96
87
93
99
131
86
97
78
109
98
95
94
86
98
101
82
96
105
92
113
92
86
108
93
74
105
108
92
76
97
115
92
80
95
98
116
104
76
104
89
76
76
96
86
84
94
104
91
88
105
93
78
90
98
108
87
108
107
87
95
78
89
80
103
96
84
90
113
90
85
67
85
84
95
120
96
104
91
70
104
104
83
90
85
82
90
101
108
114
86
87
102
115
97
83
100
100
101
109
92
111
122
90
70
92
98
90
85
83
94
74
101
92
97
103
75
94
115
