124
118
143
133
134
134
134
128
131
141
157
136
131
151
151
158
128
141
118
154
129
135
135
146
118
153
123
131
149
154
121
129
133
129
141
131
141
147
135
161
104
156
150
142
153
131
153
143
141
141
153
161
158
158
124
133
140
138
145
121
148
107
153
132
125
139
118
112
147
115
142
125
124
137
161
125
127
152
153
124
135
129
139
138
111
144
131
138
101
134
127
123
141
152
120
154
135
144
141
111
130
112
148
155
133
126
154
156
136
140
127
135
163
138
171
148
156
129
128
162
143
120
163
137
119
120
116
142
149
127
145
139
157
154
133
136
181
154
144
135
143
132
161
153
153
165
152
127
123
142
150
143
154
112
147
154
147
124
124
119
122
131
126
124
146
140
144
142
146
145
136
129
121
138
125
146
131
128
130
166
167
149
150
112
133
183
149
150
115
141
124
155
123
118
135
125
157
151
143
133
137
137
144
132
136
124
131
130
149
146
160
146
141
155
141
128
146
140
130
172
156
152
142
156
126
152
131
133
152
133
163
135
102
126
158
134
143
164
135
117
130
142
135
160
121
145
155
150
147
156
131
129
158
122
141
120
133
144
132
158
144
95
138
124
139
152
137
146
129
112
142
132
154
144
143
129
150
132
166
144
141
161
127
120
146
125
112
126
133
135
121
166
135
114
134
151
135
155
134
128
109
141
159
132
127
163
152
111
130
138
149
112
173
123
108
169
137
122
136
155
149
150
140
123
128
123
160
145
110
129
128
157
148
126
133
154
152
158
152
160
153
150
133
118
141
145
117
161
148
154
120
128
128
143
152
147
155
182
144
146
147
152
144
145
125
118
147
148
132
134
149
163
153
160
161
144
120
148
140
136
129
140
151
155
129
169
121
145
146
109
165
135
122
133
114
153
135
116
107
126
171
150
141
110
157
141
151
152
152
152
165
161
151
126
138
134
138
135
111
141
138
138
174
107
128
144
160
153
117
133
164
110
145
147
139
167
141
120
135
144
149
152
121
121
149
155
168
137
166
127
119
161
131
122
139
157
147
125
124
133
117
148
133
176
150
124
135
136
137
162
157
176
130
129
170
136
142
142
147
120
128
134
142
133
139
123
128
138
147
138
146
118
124
140
162
166
128
160
136
148
